CONTROL
  -0.558721E+03  -0.527401E+03  -0.504716E+03  -0.493115E+03  -0.481499E+03  -0.379010E+03  -0.280618E+03  -0.258715E+03  -0.260943E+03  -0.212210E+03
  -0.994907E+02   0.422698E+02   0.188461E+03   0.337878E+03   0.462214E+03   0.565721E+03   0.629725E+03   0.657481E+03   0.633050E+03   0.578245E+03
   0.486018E+03   0.366011E+03   0.234212E+03   0.988500E+02  -0.246634E+02  -0.111974E+03  -0.160292E+03  -0.180305E+03  -0.180806E+03  -0.168276E+03
  -0.147761E+03  -0.129676E+03  -0.120582E+03  -0.102513E+03  -0.892571E+02  -0.746331E+02
   0.271790E+02   0.268710E+02   0.252641E+02   0.226073E+02   0.193356E+02   0.159181E+02   0.127022E+02   0.985298E+01   0.738606E+01   0.523590E+01
   0.332186E+01   0.159787E+01   0.813426E-01  -0.114266E+01  -0.194126E+01  -0.217066E+01  -0.172282E+01  -0.575713E+00   0.116554E+01   0.401240E+01
   0.112898E+02   0.240787E+02   0.433530E+02   0.672552E+02   0.946440E+02   0.969943E+02   0.599287E+02  -0.211537E+02  -0.121598E+03  -0.219697E+03
  -0.295686E+03  -0.337476E+03  -0.327005E+03  -0.305940E+03  -0.247861E+03  -0.184095E+03
  -0.185875E+06  -0.145859E+06  -0.108767E+06  -0.748008E+05  -0.447166E+05  -0.905002E+04   0.266195E+05   0.567922E+05   0.805387E+05   0.103348E+06
   0.104001E+06   0.110912E+06   0.111451E+06   0.110016E+06   0.100053E+06   0.871898E+05   0.759330E+05   0.629876E+05   0.535864E+05   0.501025E+05
   0.510765E+05   0.555863E+05   0.608814E+05   0.637773E+05   0.562553E+05   0.388384E+05   0.202796E+05   0.297067E+04  -0.971871E+04  -0.159476E+05
  -0.156398E+05  -0.108047E+05  -0.233951E+04   0.824715E+04   0.182282E+05   0.248947E+05

   0.877523E+01   0.502568E+02   0.755640E+02   0.819910E+02   0.721061E+02   0.461484E+02   0.101401E+02  -0.291067E+02  -0.646697E+02  -0.929583E+02
  -0.111021E+03  -0.118545E+03  -0.120789E+03  -0.122319E+03  -0.119939E+03  -0.132222E+03  -0.157386E+03  -0.186170E+03  -0.236691E+03  -0.294825E+03
  -0.364201E+03  -0.443871E+03  -0.516127E+03  -0.547465E+03  -0.638942E+03  -0.628852E+03  -0.591801E+03  -0.558448E+03  -0.490803E+03  -0.421296E+03
  -0.380885E+03  -0.290309E+03  -0.205336E+03  -0.145059E+03  -0.953895E+02  -0.579564E+02
   0.656538E+01   0.748699E+01   0.803487E+01   0.822379E+01   0.810377E+01   0.779097E+01   0.745750E+01   0.727152E+01   0.732679E+01   0.760488E+01
   0.797877E+01   0.824641E+01   0.818492E+01   0.761297E+01   0.644085E+01   0.469279E+01   0.000000E+00   0.129481E+00  -0.209840E+01  -0.378466E+01
  -0.458518E+01  -0.432044E+01  -0.456167E+01  -0.267027E+01   0.510171E+01   0.225776E+02   0.416849E+02   0.589801E+02   0.668627E+02   0.679482E+02
   0.492476E+02   0.261906E+02  -0.126118E+02  -0.610296E+02  -0.118112E+03  -0.169882E+03
  -0.838334E+05  -0.713852E+05  -0.609108E+05  -0.502717E+05  -0.425737E+05  -0.380316E+05  -0.365895E+05  -0.405563E+05  -0.504350E+05  -0.675263E+05
  -0.903574E+05  -0.118719E+06  -0.150342E+06  -0.172921E+06  -0.192853E+06  -0.206075E+06  -0.214710E+06  -0.222220E+06  -0.232699E+06  -0.238173E+06
  -0.229249E+06  -0.221028E+06  -0.198761E+06  -0.154096E+06  -0.127054E+06  -0.770541E+05  -0.316191E+05   0.551131E+04   0.343439E+05   0.565064E+05
   0.802487E+05   0.881019E+05   0.830048E+05   0.777939E+05   0.676994E+05   0.572075E+05

  -0.587877E+03  -0.585462E+03  -0.540210E+03  -0.469673E+03  -0.374487E+03  -0.279379E+03  -0.184463E+03  -0.100549E+03  -0.474877E+02  -0.187283E+02
  -0.133564E+02  -0.234975E+02  -0.442595E+02  -0.679125E+02  -0.831490E+02  -0.874352E+02  -0.769590E+02  -0.786818E+02  -0.777611E+02  -0.815125E+02
  -0.784045E+02  -0.629734E+02  -0.368310E+02  -0.234962E+01   0.455380E+02   0.104433E+03   0.163997E+03   0.235679E+03   0.302963E+03   0.380027E+03
   0.417749E+03   0.423313E+03   0.405534E+03   0.360549E+03   0.318110E+03   0.198330E+03
   0.556202E+01   0.408529E+01   0.192964E+01  -0.543527E+00  -0.287965E+01  -0.465444E+01  -0.557791E+01  -0.554231E+01  -0.462222E+01  -0.304655E+01
  -0.114878E+01   0.703151E+00   0.218513E+01   0.308121E+01   0.331635E+01   0.295029E+01   0.213767E+01   0.107199E+01  -0.632995E-01  -0.112397E+01
  -0.201874E+01  -0.271644E+01  -0.324512E+01  -0.367810E+01  -0.411414E+01  -0.466183E+01  -0.542716E+01  -0.649407E+01  -0.789622E+01  -0.959653E+01
  -0.114980E+02  -0.134818E+02  -0.154437E+02  -0.289745E+02  -0.484559E+02  -0.142592E+03
  -0.627247E+05  -0.523062E+05  -0.426658E+05  -0.335870E+05  -0.215048E+05  -0.593009E+04   0.165086E+05   0.458246E+05   0.796818E+05   0.108278E+06
   0.129524E+06   0.139329E+06   0.148043E+06   0.140506E+06   0.120366E+06   0.965382E+05   0.595959E+05   0.348331E+05   0.145892E+05   0.593044E+04
   0.112281E+05   0.292806E+05   0.578692E+05   0.841967E+05   0.112314E+06   0.131189E+06   0.148690E+06   0.169476E+06   0.188900E+06   0.202316E+06
   0.198516E+06   0.186519E+06   0.168173E+06   0.146897E+06   0.144340E+06   0.104096E+06

  -0.000000E+00  -0.000000E+00  -0.000000E+00  -0.000000E+00  -0.000000E+00  -0.000000E+00  -0.000000E+00  -0.000000E+00  -0.000000E+00  -0.000000E+00
  -0.000000E+00  -0.000000E+00  -0.647217E+03  -0.533846E+03  -0.433228E+03  -0.323207E+03  -0.198763E+03  -0.100069E+03  -0.250758E+02   0.320165E+02
   0.736324E+02   0.997192E+02   0.107703E+03   0.110619E+03   0.104980E+03   0.957572E+02   0.855250E+02   0.783139E+02   0.714112E+02   0.647310E+02
   0.623285E+02   0.607371E+02   0.603029E+02   0.579785E+02   0.552499E+02   0.496820E+02
  -0.000000E+00  -0.000000E+00  -0.000000E+00  -0.000000E+00  -0.000000E+00  -0.000000E+00  -0.000000E+00  -0.000000E+00  -0.000000E+00  -0.000000E+00
  -0.000000E+00  -0.000000E+00  -0.124139E+02  -0.126857E+02  -0.129133E+02  -0.132026E+02  -0.708060E+02  -0.144437E+03  -0.218053E+03  -0.278545E+03
  -0.335486E+03  -0.360695E+03  -0.355629E+03  -0.290075E+03  -0.183199E+03  -0.464970E+02   0.110029E+03   0.273419E+03   0.408759E+03   0.534347E+03
   0.613576E+03   0.693906E+03   0.732324E+03   0.702159E+03   0.618107E+03   0.484990E+03
   0.000000E+00   0.000000E+00   0.000000E+00   0.000000E+00   0.000000E+00  -0.000000E+00  -0.000000E+00  -0.000000E+00  -0.000000E+00  -0.000000E+00
  -0.000000E+00   0.000000E+00   0.219640E+05   0.447365E+05   0.718064E+05   0.967285E+05   0.108306E+06   0.111433E+06   0.105162E+06   0.920647E+05
   0.749577E+05   0.554006E+05   0.327305E+05   0.127594E+05  -0.585579E+04  -0.200452E+05  -0.289925E+05  -0.358685E+05  -0.386640E+05  -0.391389E+05
  -0.415896E+05  -0.413207E+05  -0.423168E+05  -0.432472E+05  -0.442935E+05  -0.451660E+05

   0.000000E+00   0.000000E+00   0.000000E+00  -0.000000E+00  -0.000000E+00  -0.000000E+00  -0.000000E+00  -0.000000E+00  -0.000000E+00  -0.000000E+00
  -0.000000E+00  -0.000000E+00  -0.237813E+03  -0.108985E+03  -0.888072E+02  -0.920332E+02  -0.113377E+03  -0.119045E+03  -0.154587E+03  -0.122133E+03
  -0.107272E+03  -0.793698E+02  -0.712316E+02  -0.489853E+02  -0.267727E+02  -0.128120E+02  -0.111777E+02  -0.209933E+02  -0.433577E+02  -0.865382E+02
  -0.131141E+03  -0.181723E+03  -0.257858E+03  -0.306995E+03  -0.332431E+03  -0.358599E+03
   0.000000E+00   0.000000E+00   0.000000E+00   0.000000E+00   0.000000E+00   0.000000E+00   0.000000E+00   0.000000E+00   0.000000E+00   0.000000E+00
   0.000000E+00   0.000000E+00   0.255709E+01   0.167383E+01   0.590144E+00  -0.582729E+00  -0.167180E+01  -0.247321E+01  -0.279833E+01  -0.252631E+01
  -0.165252E+01  -0.316497E+00   0.121150E+01   0.259586E+01   0.353498E+01   0.385138E+01   0.353024E+01   0.269454E+01   0.154131E+01   0.274653E+00
  -0.944769E+00  -0.202909E+01  -0.296690E+01  -0.379866E+01  -0.457361E+01  -0.530618E+01
  -0.000000E+00  -0.000000E+00  -0.000000E+00   0.000000E+00   0.000000E+00   0.000000E+00   0.000000E+00   0.000000E+00   0.000000E+00   0.000000E+00
   0.000000E+00  -0.000000E+00  -0.211588E+05  -0.258238E+05  -0.225650E+05  -0.992188E+04   0.917150E+04   0.324847E+05   0.547466E+05   0.731990E+05
   0.790552E+05   0.589147E+05   0.490775E+05   0.478982E+05   0.495547E+05   0.491559E+05   0.552758E+05   0.599081E+05   0.671163E+05   0.688304E+05
   0.629510E+05   0.655406E+05   0.630342E+05   0.567288E+05   0.577849E+05   0.516405E+05

   /
