  1        0.00     -558.72     -175.29     -387.83      553.20     -217.38     -685.79     -371.23     -385.40      418.79      -36.78
  2        1.00     -527.40      -76.82     -364.93      577.20     -176.19     -663.72     -429.44     -381.60      466.18      -29.27
  3        2.00     -504.72       37.55     -309.97      609.28     -157.43     -619.55     -480.73     -348.69      494.91      -21.86
  4        3.00     -493.11      158.35     -230.69      647.78     -169.12     -555.45     -518.18     -289.58      502.85      -16.36
  5        4.00     -481.50      272.23     -132.44      675.01     -210.54     -467.23     -528.54     -205.41      479.44      -12.33
  6        5.00     -379.01      300.31      -21.80      556.62     -225.90     -298.33     -418.61      -88.37      346.70       -6.58
  7        6.00     -280.62      284.02       50.40      426.52     -231.32     -168.68     -308.89       -7.92      220.00       -0.75
  8        7.00     -258.72      327.57      119.14      406.15     -297.88     -109.66     -292.54       46.29      154.76        6.71
  9        8.00     -260.94      431.95      226.18      429.32     -436.83      -65.23     -331.50      103.92       83.09       21.01
 10        9.00     -212.21      529.34      355.43      386.21     -580.97       -8.54     -367.12      146.07      -45.07       41.01
 11       10.00      -99.49      578.88      467.43      254.19     -661.86       46.56     -382.32      144.90     -206.22       56.54
 12       11.00       42.27      598.09      551.38       83.10     -673.81       85.25     -392.02      104.60     -358.83       58.52
 13       12.00      188.46      629.43      630.56      -86.53     -653.23      108.96     -417.29       46.06     -497.15       44.34
 14       13.00      337.88      694.92      722.61     -248.30     -616.04      123.26     -465.03      -17.72     -631.86       11.58
 15       14.00      462.21      750.28      779.80     -378.42     -522.03      121.94     -500.71      -73.34     -719.76      -40.66
 16       15.00      565.72      819.46      829.36     -477.01     -401.85      111.04     -539.81     -109.03     -782.45     -106.73
 17       16.00      629.72      873.90      850.25     -529.03     -251.25       88.29     -567.49     -115.36     -799.22     -176.83
 18       17.00      657.48      912.71      854.51     -539.30      -86.31       55.83     -590.39      -91.92     -779.71     -243.02
 19       18.00      633.05      903.54      826.76     -498.44       80.54       14.18     -594.98      -41.50     -709.31     -291.59
 20       19.00      578.25      865.53      798.94     -428.63      234.41      -32.45     -598.61       23.98     -618.07     -326.66
 21       20.00      486.02      778.20      761.79     -329.16      361.80      -79.79     -587.43       92.98     -503.67     -344.20
 22       21.00      366.01      647.07      721.33     -212.54      452.07     -120.91     -557.57      152.24     -382.88     -350.16
 23       22.00      234.21      492.83      689.65      -93.94      507.83     -150.45     -511.78      194.65     -276.99     -358.06
 24       23.00       98.85      325.94      657.91       17.29      527.47     -161.21     -440.53      215.14     -194.82     -372.57
 25       24.00      -24.66      155.60      577.68      101.99      481.65     -138.80     -319.31      200.32     -133.41     -369.81
 26       25.00     -111.97       31.21      495.36      150.61      422.45      -99.17     -194.45      174.52     -104.82     -372.86
 27       26.00     -160.29      -43.85      405.23      164.24      357.85      -49.77      -76.27      146.05      -94.51     -371.34
 28       27.00     -180.31      -78.07      323.82      156.12      307.67       -1.02       22.63      127.13      -92.38     -372.59
 29       28.00     -180.81      -85.07      248.85      134.21      270.06       43.29      102.22      119.41      -88.75     -371.92
 30       29.00     -168.28      -75.85      178.71      104.33      239.87       80.26      162.31      121.77      -78.47     -364.22
 31       30.00     -147.76      -58.55      113.81       71.46      211.43      106.99      201.74      131.24      -60.61     -345.02
 32       31.00     -129.68      -40.88       59.38       42.39      189.13      126.74      229.99      150.43      -39.61     -326.86
 33       32.00     -120.58      -25.28       12.80       18.65      175.12      145.65      260.49      185.37      -17.85     -320.07
 34       33.00     -102.51       -8.25      -28.06       -1.27      138.60      139.09      252.01      203.89        4.64     -271.49
 35       34.00      -89.26        5.84      -56.67      -12.53       99.64      120.58      230.51      218.23       20.83     -216.51
 36       35.00      -74.63       15.77      -68.07      -14.92       56.30       85.31      185.07      210.58       27.46     -147.25
 37       36.00       27.18        3.45        7.62        4.16       -0.65        1.22       -9.59        7.16        3.63        4.53
 38       37.00       26.87        2.41        5.91        0.95       -0.66        0.40      -10.71       10.20        5.53        1.72
 39       38.00       25.26        1.02        3.64       -1.66       -0.21       -0.14      -11.80       12.56        6.95       -1.28
 40       39.00       22.61       -0.59        1.26       -3.62        0.60       -0.51      -12.72       14.00        7.68       -4.28
 41       40.00       19.34       -2.24       -0.75       -4.99        1.60       -0.87      -13.38       14.46        7.67       -7.10
 42       41.00       15.92       -3.83       -2.05       -5.91        2.60       -1.40      -13.71       14.00        7.02       -9.58
 43       42.00       12.70       -5.36       -2.53       -6.55        3.40       -2.20      -13.71       12.77        5.91      -11.66
 44       43.00        9.85       -6.90       -2.22       -7.03        3.89       -3.29      -13.44       10.89        4.48      -13.27
 45       44.00        7.39       -8.53       -1.29       -7.44        3.98       -4.63      -12.94        8.46        2.84      -14.35
 46       45.00        5.24      -10.36        0.08       -7.82        3.65       -6.10      -12.26        5.61        1.07      -14.81
 47       46.00        3.32      -12.42        1.70       -8.19        2.93       -7.50      -11.46        2.46       -0.79      -14.53
 48       47.00        1.60      -14.70        3.37       -8.52        1.93       -8.61      -10.62       -0.77       -2.66      -13.43
 49       48.00        0.08      -17.10        4.96       -8.80        0.85       -9.21       -9.82       -3.82       -4.49      -11.50
 50       49.00       -1.14      -19.46        6.39       -8.98       -0.04       -9.15       -9.14       -6.44       -6.22       -8.84
 51       50.00       -1.94      -21.57        7.62       -9.03       -0.49       -8.40       -8.63       -8.45       -7.81       -5.63
 52       51.00       -2.17      -23.20        8.62       -8.83       -0.29       -7.06       -8.30       -9.79       -9.26       -2.12
 53       52.00       -1.72      -24.08        9.35       -8.30        0.66       -5.33       -8.10      -10.50      -10.57        1.47
 54       53.00       -0.58      -23.99        9.73       -7.31        2.33       -3.54       -7.95      -10.75      -11.78        4.87
 55       54.00        1.17      -22.75        9.66       -5.82        4.50       -2.05       -7.77      -10.79      -12.90        7.85
 56       55.00        4.01      -25.10       11.10       -4.74        8.42       -1.55       -9.24      -13.44      -17.18       12.53
 57       56.00       11.29      -35.94       16.12       -3.21       18.85       -3.12      -15.13      -23.98      -31.43       24.57
 58       57.00       24.08      -44.47       18.65        3.24       35.50       -9.87      -23.41      -42.07      -53.53       41.44
 59       58.00       43.35      -47.63       13.18       17.94       59.18      -29.73      -36.31      -74.68      -87.64       62.88
 60       59.00       67.26      -40.76      -11.82       45.14       87.58      -76.47      -58.13     -131.81     -137.40       85.86
 61       60.00       94.64      -21.75      -80.82       95.11      120.70     -181.63     -103.84     -240.94     -218.10      111.49
 62       61.00       96.99       12.45     -213.30      159.07      125.49     -347.05     -173.84     -381.06     -295.79      116.05
 63       62.00       59.93       44.63     -417.50      232.55       86.46     -571.13     -277.62     -541.63     -357.42      102.80
 64       63.00      -21.15       51.71     -640.23      290.60       -6.96     -780.92     -388.76     -653.79     -363.07       81.48
 65       64.00     -121.60       26.38     -841.56      332.86     -136.02     -945.73     -490.15     -704.22     -323.55       80.68
 66       65.00     -219.70      -22.86    -1010.83      368.78     -288.93    -1072.59     -572.47     -708.59     -260.50      119.12
 67       66.00     -295.69      -81.55    -1120.66      394.51     -456.34    -1147.99     -610.66     -667.02     -181.74      199.27
 68       67.00     -337.48     -133.70    -1163.80      407.46     -632.84    -1175.20     -589.63     -594.46      -95.00      312.49
 69       68.00     -327.00     -160.64    -1096.24      387.06     -780.74    -1110.92     -481.04     -486.97       -0.89      424.18
 70       69.00     -305.94     -175.67    -1057.11      375.87     -982.66    -1087.39     -343.31     -418.18      104.89      563.21
 71       70.00     -247.86     -162.75     -941.99      332.68    -1143.00     -983.18     -133.28     -347.28      230.85      666.51
 72       71.00     -184.10     -138.47     -837.24      288.38    -1321.86     -869.31      118.88     -311.06      396.55      765.62
 73       72.00  -185874.82   -41351.72   138957.26    20872.70  -179701.73   291404.90    65887.02   246711.06   229229.41    10881.91
 74       73.00  -145858.74    -3860.34   153189.41    45186.09  -207937.74   281808.99    72778.64   227697.39   186854.61     7788.22
 75       74.00  -108767.04    25818.15   170530.65    75812.45  -236591.85   272228.60    78315.09   214409.19   149361.09     5462.75
 76       75.00   -74800.77    50076.45   193076.35   115194.29  -269333.60   266936.38    83178.06   211653.44   117320.67     4311.93
 77       76.00   -44716.57    76483.81   235574.66   177497.99  -326897.58   283633.54    92492.10   235448.39    95259.13     4277.32
 78       77.00    -9050.02   103097.43   279657.63   257684.84  -383481.39   296674.98    97269.15   268150.35    71827.66     4141.96
 79       78.00    26619.54   109986.53   269991.77   300141.63  -364941.83   256426.89    81087.04   261007.05    42552.32     2100.59
 80       79.00    56792.24   117776.81   260122.88   349499.83  -347754.73   225159.08    66380.27   265444.86    26325.69    -1877.68
 81       80.00    80538.69   119807.28   232328.40   384387.56  -311294.03   186460.63    50916.93   262259.01    19824.63    -8212.55
 82       81.00   103348.00   122281.74   199699.91   425150.98  -277001.14   150847.36    40655.79   265088.11    22883.60   -17165.61
 83       82.00   104001.50   100023.94   127240.37   383599.98  -197347.07    91671.90    30065.83   221106.01    27371.94   -23491.42
 84       83.00   110912.00    84109.27    67460.34   371375.72  -146461.51    47381.44    29867.37   200012.09    35913.56   -30520.74
 85       84.00   111450.66    60720.62     2904.84   338390.15   -97216.07     4373.91    34606.28   172710.79    41881.21   -33959.42
 86       85.00   110015.58    33744.30   -61104.54   299874.32   -56570.50   -33627.47    43642.16   148128.51    43728.16   -33209.11
 87       86.00   100053.42     3581.88  -115971.87   240211.50   -22234.56   -61526.59    51313.40   118362.73    36605.68   -24921.25
 88       87.00    87189.78   -23545.39  -156994.95   178393.91     1621.20   -77042.13    55809.30    91213.14    21839.86   -10587.16
 89       88.00    75933.00   -45336.64  -187865.84   124809.76    15955.66   -82630.79    56748.15    69268.25      790.80     8599.86
 90       89.00    62987.59   -56093.50  -196084.11    74454.05    20826.19   -74008.04    49174.13    46709.50   -24723.59    30270.23
 91       90.00    53586.38   -55026.11  -189801.22    36657.44    17688.07   -57068.46    35784.80    26198.81   -50241.38    51100.73
 92       91.00    50102.45   -43029.66  -177115.30    11877.65     8434.80   -36341.84    18909.35     7625.13   -73453.15    70118.15
 93       92.00    51076.49   -19484.39  -156979.04    -3072.11    -5533.80   -13516.88     -164.98    -9502.48   -89292.49    84395.13
 94       93.00    55586.34    12680.25  -135476.93   -11645.79   -21439.71     7907.88   -18602.78   -23902.94   -95382.03    94320.80
 95       94.00    60881.37    49733.16  -116360.92   -18364.29   -36007.09    25491.69   -34240.79   -34123.36   -90588.99   101511.29
 96       95.00    63777.31    87633.21  -102605.14   -27424.34   -45984.24    37554.52   -45851.11   -39024.18   -76320.12   109499.04
 97       96.00    56255.27   112906.39   -87706.80   -38379.85   -44683.49    39442.15   -48738.18   -34902.23   -51121.77   112701.25
 98       97.00    38838.42   116266.45   -72272.06   -47810.18   -31975.03    30774.03   -42493.56   -23485.75   -24857.35   110945.78
 99       98.00    20279.56   109920.12   -63125.60   -56897.23   -15752.33    17865.89   -34010.67   -11126.93    -7542.56   115413.76
100       99.00     2970.67    94573.85   -56250.37   -62597.70     1079.09     2399.74   -24094.00      655.20      705.75   122008.00
101      100.00    -9718.71    72967.38   -49718.40   -62831.87    14898.95   -12932.66   -14231.18    10131.93      978.63   126687.22
102      101.00   -15947.64    50600.08   -44196.35   -58966.68    23635.62   -25893.05    -6395.74    16538.53    -4016.55   129791.70
103      102.00   -15639.78    29563.41   -39245.32   -51496.96    26682.53   -34859.11    -1610.86    19693.37   -11195.85   128800.17
104      103.00   -10804.66    12431.92   -37093.75   -44315.89    26271.55   -41296.17     -620.52    21026.54   -18953.89   130254.15
105      104.00    -2339.51    -2290.04   -37904.15   -37684.07    23570.28   -45958.73    -3964.56    21022.30   -26809.26   134819.36
106      105.00     8247.15   -13969.27   -36133.54   -26797.14    16508.28   -42152.26   -11173.75    16751.91   -29812.14   122465.40
107      106.00    18228.24   -22390.73   -36271.77   -17326.39     9815.06   -36240.79   -21764.70    11208.12   -30675.76   110269.44
108      107.00    24894.69   -26702.77   -35281.50    -8342.86     4060.39   -26938.42   -32749.34     4067.31   -27619.72    91128.25
109      108.00        8.78     -326.96     -649.32     -104.69      412.22       -0.58      385.77      555.44       81.15      -91.34
110      109.00       50.26     -343.66     -649.25      -50.53      278.90       31.46      398.44      427.51       83.25      -28.39
111      110.00       75.56     -374.69     -656.62       -1.44      155.97       44.56      414.08      317.05       87.09       10.80
112      111.00       81.99     -406.36     -648.82       43.62       37.98       36.15      424.47      210.11       88.03       27.15
113      112.00       72.11     -445.39     -641.38       84.74      -68.69        8.17      445.35      113.93       87.69       23.50
114      113.00       46.15     -472.88     -610.95      119.32     -158.84      -35.72      466.23       24.70       83.64        4.69
115      114.00       10.14     -479.65     -553.07      145.11     -223.01      -85.73      485.21      -51.40       76.59      -19.91
116      115.00      -29.11     -493.75     -502.33      172.65     -273.08     -138.81      534.14     -116.10       72.37      -42.28
117      116.00      -64.67     -472.29     -413.30      189.72     -286.78     -177.10      565.69     -161.31       64.44      -52.13
118      117.00      -92.96     -446.14     -319.15      207.57     -280.25     -202.02      604.44     -193.15       56.19      -47.57
119      118.00     -111.02     -412.68     -218.83      224.78     -252.22     -208.68      634.47     -211.46       45.48      -28.39
120      119.00     -118.55     -376.44     -120.87      241.25     -206.84     -196.89      645.49     -218.40       31.93        1.11
121      120.00     -120.79     -351.09      -36.60      263.42     -154.84     -173.87      646.58     -222.86       17.27       34.94
122      121.00     -122.32     -340.08       30.37      294.75     -100.70     -142.18      637.14     -229.85        3.23       68.94
123      122.00     -119.94     -322.14       72.50      317.52      -44.36      -94.91      575.72     -227.54       -7.04       93.94
124      123.00     -132.22     -331.77       92.91      367.97        2.44      -43.31      527.94     -243.13      -10.29      116.69
125      124.00     -157.39     -343.27       85.00      427.67       40.97       25.81      451.08     -262.11       -2.64      130.39
126      125.00     -186.17     -322.97       41.90      454.65       61.01      109.34      317.20     -260.22       17.42      123.11
127      126.00     -236.69     -301.20      -22.21      482.82       64.06      209.51      182.91     -259.95       46.96      109.69
128      127.00     -294.82     -259.46      -95.95      473.38       48.42      312.42       48.11     -241.64       76.46       87.56
129      128.00     -364.20     -215.41     -163.94      435.79       21.83      415.81      -62.32     -212.52       96.65       67.08
130      129.00     -443.87     -179.42     -215.68      370.18       -9.55      515.99     -140.88     -173.04       98.76       54.31
131      130.00     -516.13     -155.22     -237.27      268.74      -40.48      590.93     -181.83     -118.57       73.27       52.22
132      131.00     -547.46     -142.75     -216.50      138.36      -64.08      604.73     -180.43      -50.91       18.86       60.80
133      132.00     -638.94     -170.10     -198.66       15.56      -92.99      672.42     -180.66       18.67      -58.90       93.16
134      133.00     -628.85     -190.58     -137.07     -107.32     -107.69      626.46     -145.16       90.49     -146.88      127.57
135      134.00     -591.80     -213.71      -73.12     -200.34     -118.30      557.31     -108.36      151.67     -230.13      167.51
136      135.00     -558.45     -242.26      -17.18     -271.14     -131.44      498.52      -79.55      206.75     -313.08      218.02
137      136.00     -490.80     -253.74       29.66     -303.29     -137.23      417.65      -52.84      239.64     -370.42      261.32
138      137.00     -421.30     -256.05       64.35     -312.75     -139.94      343.92      -31.51      257.65     -413.08      303.81
139      138.00     -380.88     -267.49       95.99     -329.93     -148.09      299.57      -14.39      281.73     -476.81      371.28
140      139.00     -290.31     -230.10      107.01     -290.24     -127.22      219.62        3.33      252.49     -461.37      383.69
141      140.00     -205.34     -176.77      107.13     -238.09      -93.52      147.52       17.08      204.56     -415.94      371.15
142      141.00     -145.06     -125.90      108.80     -199.97      -56.22       96.02       27.64      161.30     -380.50      364.86
143      142.00      -95.39      -69.19      109.12     -165.55      -11.08       54.95       33.68      115.92     -336.43      346.08
144      143.00      -57.96      -10.89      114.62     -143.50       39.98       26.31       35.78       77.65     -301.52      330.66
145      144.00        6.57       -6.46      -14.13        3.29       15.47        7.32      -10.62       10.43        8.88        6.99
146      145.00        7.49       -6.07      -14.14        1.10       12.70        7.56       -9.53        7.16       10.81        8.96
147      146.00        8.03       -5.38      -13.20       -1.05        9.55        7.06       -8.25        3.48       12.65        9.92
148      147.00        8.22       -4.29      -11.23       -3.07        6.11        5.91       -6.76       -0.51       14.36       10.00
149      148.00        8.10       -2.78       -8.31       -4.87        2.52        4.33       -5.01       -4.55       15.84        9.36
150      149.00        7.79       -0.92       -4.73       -6.36       -1.02        2.60       -2.95       -8.22       16.99        8.26
151      150.00        7.46        1.07       -0.94       -7.52       -4.26        1.07       -0.60      -11.11       17.76        7.00
152      151.00        7.27        2.93        2.61       -8.35       -7.00        0.01        1.97      -12.94       18.18        5.88
153      152.00        7.33        4.43        5.58       -8.89       -9.14       -0.46        4.68      -13.60       18.32        5.10
154      153.00        7.60        5.37        7.80       -9.14      -10.64       -0.36        7.44      -13.17       18.27        4.73
155      154.00        7.98        5.64        9.22       -9.06      -11.52        0.13       10.12      -11.85       18.07        4.74
156      155.00        8.25        5.15        9.91       -8.57      -11.81        0.79       12.57       -9.89       17.70        5.00
157      156.00        8.18        3.94       10.00       -7.62      -11.62        1.37       14.59       -7.58       17.13        5.36
158      157.00        7.61        2.15        9.65       -6.20      -11.06        1.65       15.98       -5.25       16.30        5.65
159      158.00        6.44       -0.02        9.07       -4.34      -10.30        1.47       16.56       -3.15       15.17        5.73
160      159.00        4.69       -2.24        8.45       -2.14       -9.51        0.77       16.25       -1.48       13.73        5.56
161      160.00        0.00       -0.00        0.00        0.00       -0.00       -0.00        0.00       -0.00        0.00        0.00
162      161.00        0.13       -5.50        7.49        2.85       -8.27       -1.96       13.04        0.22        9.98        4.68
163      162.00       -2.10       -5.87        7.15        5.41       -7.93       -3.65       10.54        0.20        7.82        4.25
164      163.00       -3.78       -5.09        6.74        7.82       -7.76       -5.19        7.97       -0.35        5.69        4.02
165      164.00       -4.59       -3.19        6.07        9.92       -7.65       -6.27        5.85       -1.33        3.78        4.06
166      165.00       -4.32       -0.40        4.94       11.56       -7.51       -6.67        4.62       -2.57        2.31        4.32
167      166.00       -4.56        4.36        4.92       18.95      -10.77       -9.50        6.79       -5.76        2.14        6.97
168      167.00       -2.67       17.01        2.93       35.03      -17.51      -14.39       14.85      -13.28        3.23       12.99
169      168.00        5.10       33.66       -5.35       44.81      -18.96      -14.03       25.93      -20.01        5.76       16.61
170      169.00       22.58       72.33      -25.51       68.14      -21.66      -14.69       56.51      -34.68       15.71       24.68
171      170.00       41.68      104.90      -51.64       70.64      -10.82       -9.04       86.10      -40.34       30.47       24.34
172      171.00       58.98      138.27      -83.19       63.59        8.63       -4.30      119.05      -40.90       52.22       20.39
173      172.00       66.86      164.79     -113.50       46.36       33.62       -4.16      146.52      -34.62       77.13       13.93
174      173.00       67.95      200.27     -151.55       27.64       63.20      -12.42      180.18      -25.99      109.96        8.84
175      174.00       49.25      210.27     -169.72        8.52       81.29      -28.53      187.34      -12.49      127.36        5.49
176      175.00       26.19      257.87     -217.00        0.58      105.37      -61.67      222.95       -0.86      160.68        6.82
177      176.00      -12.61      279.97     -241.10        9.06      106.49     -101.90      230.72       10.13      165.27       10.28
178      177.00      -61.03      317.17     -274.86       41.35       98.40     -158.88      245.28       19.25      159.88       14.48
179      178.00     -118.11      357.41     -306.38      101.55       76.78     -229.08      255.60       26.89      132.54       14.99
180      179.00     -169.88      374.55     -311.60      176.82       43.00     -290.43      243.99       32.70       77.10        6.28
181      180.00   -83833.41  -144397.39   118854.90   -39846.26  -121643.16   -66601.34   -33999.96   146889.71  -170582.45   161932.98
182      181.00   -71385.19  -155069.97   103053.39   -53594.29  -129402.84   -34775.51   -22720.70   115427.15  -156662.39   137678.08
183      182.00   -60910.79  -173381.66    86372.76   -66358.70  -139581.16    -8910.54   -22811.73    89188.23  -151464.85   112109.30
184      183.00   -50271.75  -188236.09    64402.07   -75318.90  -146566.96    13480.59   -31360.97    61373.98  -147297.07    79086.39
185      184.00   -42573.72  -201959.59    40274.79   -83019.54  -155292.63    32818.71   -47695.52    32887.68  -148655.37    42253.71
186      185.00   -38031.63  -206996.24    13710.22   -88368.79  -162622.04    49187.61   -69249.91      708.84  -151639.90      731.78
187      186.00   -36589.54  -192241.61   -12482.80   -88167.93  -161613.10    60314.39   -89460.28   -34293.91  -149072.78   -41404.72
188      187.00   -40556.29  -165982.32   -34372.83   -86469.31  -158767.23    68727.91  -106972.17   -70053.50  -145874.00   -79609.13
189      188.00   -50434.99  -131333.25   -51000.63   -84454.88  -155810.42    76726.07  -120075.31  -106063.04  -142128.38  -112635.31
190      189.00   -67526.27   -92056.27   -63715.84   -83746.99  -155868.38    87723.72  -129394.57  -144061.30  -138922.17  -142606.30
191      190.00   -90357.42   -46396.71   -71822.20   -81464.43  -153976.29   100468.06  -129490.22  -179124.47  -129771.62  -165791.88
192      191.00  -118719.17     1769.08   -76937.41   -77566.61  -150192.00   114889.28  -119343.09  -208859.68  -112988.01  -182513.74
193      192.00  -150342.47    48345.27   -80113.09   -71067.77  -142208.99   127560.42   -97252.57  -228081.99   -86076.10  -191659.85
194      193.00  -172920.54    83752.50   -78413.35   -58715.31  -122251.55   126956.40   -61023.05  -221310.27   -47408.64  -184233.69
195      194.00  -192853.35   107452.02   -77872.24   -46075.80  -100446.55   117817.77   -22082.95  -204267.98    -8378.61  -175931.87
196      195.00  -206074.60   118882.68   -77164.61   -32792.92   -76124.06    97198.57    15829.37  -177463.51    25891.84  -167282.30
197      196.00  -214710.01   122069.23   -76395.34   -19386.02   -51657.21    67654.40    49102.25  -147803.80    50825.64  -162478.45
198      197.00  -222219.93   121881.44   -75403.72    -5229.88   -27953.38    31820.71    77296.18  -120236.94    65332.56  -164001.64
199      198.00  -232698.73   122522.52   -73956.96    11455.13    -4192.45    -9576.26   102362.58   -97275.43    70582.07  -173558.57
200      199.00  -238172.60   120889.57   -67897.43    32326.96    21298.49   -56250.67   121289.51   -75744.96    64724.46  -183676.17
201      200.00  -229249.05   112995.88   -53826.09    56005.09    46822.53  -101526.75   128162.09   -55297.27    47386.66  -184920.21
202      201.00  -221027.58   106371.68   -35147.96    85303.36    74509.27  -147406.18   130746.30   -42159.89    25397.57  -187249.09
203      202.00  -198760.58    93315.40    -8958.38   115066.03   100475.96  -183351.11   121005.29   -34802.72      279.33  -177104.04
204      203.00  -154096.07    69709.78    20331.30   132542.67   114562.35  -191370.53    94628.24   -32841.04   -20370.98  -145098.82
205      204.00  -127053.93    53468.24    54906.77   167695.71   143695.99  -216792.17    78074.54   -44426.79   -37176.96  -128756.65
206      205.00   -77054.09    27103.01    80853.95   173283.69   147935.17  -198515.95    48536.54   -55726.30   -39698.45   -89220.10
207      206.00   -31619.08     3848.75    98378.14   168600.20   144013.76  -169369.39    24053.99   -67035.76   -32520.19   -52950.19
208      207.00     5511.31   -14766.87   113374.16   165184.03   141267.24  -143883.77     7044.08   -78838.25   -20642.89   -25403.22
209      208.00    34343.86   -27766.48   117825.04   150719.49   128402.33  -112595.66    -4593.04   -82448.11    -5205.70    -4159.10
210      209.00    56506.39   -37484.10   123868.58   141367.14   118482.96   -89874.05   -12601.32   -84214.58    10097.56     9736.22
211      210.00    80248.72   -49262.06   142780.16   146107.88   117916.13   -79147.80   -21648.08   -90022.33    27590.58    20382.38
212      211.00    88101.88   -53163.22   142679.47   130402.19    98084.26   -61405.42   -29217.55   -79078.75    41438.76    24558.74
213      212.00    83004.76   -51916.96   132166.59   106593.60    71134.71   -45941.03   -35679.58   -60788.11    49477.01    23374.46
214      213.00    77793.91   -53301.61   129674.72    90383.95    49337.95   -39144.04   -45364.64   -46644.95    58071.30    21278.20
215      214.00    67699.37   -53914.62   125135.17    72928.74    27498.81   -36235.26   -55467.63   -33231.99    64392.90    17348.08
216      215.00    57207.46   -56518.20   124258.49    57323.34     7801.32   -38233.70   -68133.38   -23214.18    71917.91    12847.19
217      216.00     -587.88        0.31      324.98      267.45      880.68     -568.20     -369.87     -640.02     -219.73      195.53
218      217.00     -585.46       82.00      312.65      219.32      808.75     -458.69     -387.77     -617.39     -281.33      247.31
219      218.00     -540.21      149.72      267.36      143.90      679.59     -319.23     -376.40     -570.07     -354.12      271.73
220      219.00     -469.67      206.19      192.55       60.27      523.86     -177.97     -348.29     -530.09     -433.84      276.50
221      220.00     -374.49      251.45       87.20      -21.10      344.57      -43.19     -299.18     -499.82     -500.15      263.69
222      221.00     -279.38      298.59      -38.21      -92.75      166.88       76.23     -239.39     -501.17     -558.01      250.95
223      222.00     -184.46      343.18     -174.74     -149.44       -6.34      177.38     -158.46     -514.66     -581.81      237.57
224      223.00     -100.55      372.35     -292.49     -181.04     -148.86      245.41      -57.97     -512.72     -548.05      221.88
225      224.00      -47.49      417.38     -397.48     -203.26     -255.02      299.13       47.52     -530.15     -513.71      226.96
226      225.00      -18.73      439.25     -448.92     -201.29     -301.86      317.01      150.89     -510.48     -444.09      231.28
227      226.00      -13.36      476.52     -485.28     -197.22     -318.95      334.45      254.98     -500.33     -400.76      255.05
228      227.00      -23.50      514.04     -496.90     -185.32     -306.08      348.73      357.35     -481.47     -377.37      289.95
229      228.00      -44.26      559.34     -495.97     -167.34     -277.27      372.78      465.53     -461.56     -386.94      341.92
230      229.00      -67.91      569.94     -450.87     -129.28     -223.45      385.76      544.23     -408.05     -404.28      387.11
231      230.00      -83.15      512.39     -351.17      -70.41     -153.85      368.26      548.71     -310.22     -400.31      396.44
232      231.00      -87.44      419.01     -238.41       -8.91      -97.38      336.17      497.98     -203.47     -379.09      379.07
233      232.00      -76.96      294.91     -128.33       40.50      -58.82      277.97      388.71     -100.92     -319.43      320.82
234      233.00      -78.68      242.96      -65.13       89.05      -52.05      283.25      358.71      -36.61     -323.31      328.03
235      234.00      -77.76      191.89       -6.68      138.69      -57.06      292.77      325.40       26.08     -322.99      334.59
236      235.00      -81.51      156.51       53.59      209.61      -77.21      336.45      321.00       97.55     -348.91      373.95
237      236.00      -78.40      109.92      120.79      288.49     -102.87      376.90      304.37      178.71     -356.25      401.63
238      237.00      -62.97       52.77      182.70      354.73     -122.96      391.29      265.68      251.73     -323.89      393.38
239      238.00      -36.83       -3.15      231.08      402.78     -132.56      382.08      218.10      305.16     -260.37      354.89
240      239.00       -2.35      -54.59      282.67      465.49     -141.25      382.17      184.26      359.38     -190.91      317.71
241      240.00       45.54     -102.18      324.03      521.82     -142.80      370.12      151.47      394.79     -100.44      260.30
242      241.00      104.43     -140.05      340.60      552.06     -135.85      336.15      116.23      393.99        5.93      177.32
243      242.00      164.00     -161.51      323.48      542.33     -123.16      281.83       79.50      350.36      108.21       77.82
244      243.00      235.68     -183.93      310.16      552.72     -122.38      245.66       50.30      307.71      205.39      -21.43
245      244.00      302.96     -195.92      279.12      543.32     -125.38      210.68       20.60      243.58      284.41     -124.22
246      245.00      380.03     -209.89      253.10      552.09     -139.98      195.65       -9.92      177.92      359.13     -235.38
247      246.00      417.75     -200.50      208.08      518.70     -147.83      180.34      -42.44       92.85      387.03     -325.26
248      247.00      423.31     -176.65      166.32      475.77     -151.34      175.09      -75.48        9.45      381.56     -389.32
249      248.00      405.53     -143.46      137.96      440.87     -152.13      181.38     -111.21      -66.27      356.96     -431.87
250      249.00      360.55     -100.24      123.26      410.19     -147.69      192.96     -149.15     -131.94      314.13     -446.27
251      250.00      318.11      -55.57      133.43      416.67     -150.62      224.35     -204.46     -200.78      281.71     -470.16
252      251.00      198.33       -2.38      129.08      340.56     -120.09      209.74     -214.85     -211.99      188.63     -375.04
253      252.00        5.56        3.87      -12.44        4.10       11.50       13.86      -17.94        0.20       -0.65        2.18
254      253.00        4.09        1.31      -10.89        3.98       10.82       11.45      -19.23        2.74       -2.80        4.81
255      254.00        1.93       -1.57       -9.19        4.51        9.94        8.61      -19.84        5.52       -4.97        6.94
256      255.00       -0.54       -4.63       -7.39        5.73        8.92        5.37      -19.63        8.29       -6.96        8.36
257      256.00       -2.88       -7.72       -5.64        7.62        7.86        1.86      -18.60       10.75       -8.64        8.91
258      257.00       -4.65      -10.64       -4.07       10.05        6.87       -1.73      -16.87       12.53       -9.92        8.59
259      258.00       -5.58      -13.26       -2.85       12.81        6.03       -5.12      -14.67       13.37      -10.73        7.51
260      259.00       -5.54      -15.44       -2.08       15.61        5.35       -8.02      -12.25       13.06      -11.00        5.89
261      260.00       -4.62      -17.12       -1.86       18.15        4.77      -10.15       -9.87       11.57      -10.66        4.01
262      261.00       -3.05      -18.20       -2.20       20.10        4.13      -11.27       -7.73        8.99       -9.65        2.16
263      262.00       -1.15      -18.62       -3.09       21.17        3.24      -11.27       -6.03        5.58       -7.94        0.64
264      263.00        0.70      -18.32       -4.45       21.18        1.89      -10.19       -4.84        1.69       -5.57       -0.29
265      264.00        2.19      -17.28       -6.12       20.04       -0.07       -8.24       -4.09       -2.27       -2.67       -0.48
266      265.00        3.08      -15.53       -7.91       17.80       -2.69       -5.75       -3.61       -5.87        0.60        0.08
267      266.00        3.32      -13.18       -9.57       14.62       -5.91       -3.12       -3.11       -8.77        4.05        1.22
268      267.00        2.95      -10.40      -10.87       10.76       -9.50       -0.70       -2.29      -10.71        7.51        2.68
269      268.00        2.14       -7.41      -11.57        6.55      -13.16        1.22       -0.90      -11.59       10.85        4.09
270      269.00        1.07       -4.49      -11.48        2.33      -16.54        2.47        1.19      -11.44       13.96        5.11
271      270.00       -0.06       -1.88      -10.51       -1.52      -19.21        3.00        3.89      -10.46       16.73        5.45
272      271.00       -1.12        0.15       -8.63       -4.71      -20.82        2.88        6.93       -8.91       18.99        5.02
273      272.00       -2.02        1.42       -5.99       -7.01      -21.12        2.24        9.88       -7.18       20.57        3.89
274      273.00       -2.72        1.85       -2.85       -8.40      -20.09        1.29       12.25       -5.65       21.35        2.33
275      274.00       -3.25        1.47        0.48       -9.04      -17.97        0.24       13.71       -4.59       21.31        0.71
276      275.00       -3.68        0.44        3.71       -9.26      -15.14       -0.72       14.12       -4.14       20.57       -0.68
277      276.00       -4.11       -1.04        6.67       -9.36      -11.98       -1.45       13.50       -4.29       19.25       -1.66
278      277.00       -4.66       -2.73        9.23       -9.56       -8.77       -1.87       11.95       -4.93       17.50       -2.17
279      278.00       -5.43       -4.37       11.27       -9.94       -5.73       -1.88        9.59       -5.90       15.43       -2.26
280      279.00       -6.49       -5.64       12.62      -10.42       -3.04       -1.45        6.56       -7.05       13.18       -2.02
281      280.00       -7.90       -6.25       13.16      -10.79       -0.82       -0.56        3.11       -8.24       10.94       -1.58
282      281.00       -9.60       -5.98       12.81      -10.78        0.85        0.68       -0.47       -9.40        8.95       -1.10
283      282.00      -11.50       -4.80       11.71      -10.23        1.98        2.08       -3.83      -10.52        7.45       -0.74
284      283.00      -13.48       -2.92       10.11       -9.08        2.67        3.43       -6.72      -11.64        6.59       -0.62
285      284.00      -15.44       -0.67        8.35       -7.44        3.04        4.54       -8.99      -12.80        6.34       -0.85
286      285.00      -28.97        2.64       11.22       -9.17        5.37        8.90      -17.72      -23.45       11.04       -2.54
287      286.00      -48.46        8.94       13.72       -8.62        8.18       14.62      -29.27      -38.72       18.11       -6.83
288      287.00     -142.59       34.10       31.11       -9.18       21.15       40.75      -81.45     -113.06       52.93      -30.30
289      288.00   -62724.68   -59954.27    95386.75    55653.72   221978.80   134830.76    45304.84   -96238.61    80537.26   -77642.98
290      289.00   -52306.23   -26407.27    77893.64    78618.88   232559.24    97676.30    -1298.20  -112532.52    86629.02   -98654.42
291      290.00   -42665.79    10945.27    65591.10   101157.94   240146.35    65082.02   -49866.45  -122850.29    86426.81  -115994.60
292      291.00   -33586.98    50621.82    59896.48   127230.42   252728.02    38658.04  -101038.63  -134217.41    85999.73  -132422.96
293      292.00   -21504.75    89810.94    56712.07   152874.74   257634.92    14371.51  -150634.49  -142942.77    83563.42  -141099.46
294      293.00    -5930.09   133323.90    58878.12   190903.07   270245.94    -8624.75  -208129.60  -160797.54    86301.50  -150225.03
295      294.00    16508.64   172538.16    61269.96   233041.56   268461.80   -33118.85  -260529.62  -178999.37    88836.33  -147706.34
296      295.00    45824.62   203098.01    63333.87   281090.99   249982.63   -59252.01  -302782.80  -198655.47    91393.17  -132562.61
297      296.00    79681.77   218178.96    64105.02   331656.21   210934.96   -85772.57  -325910.49  -217158.86    91995.47  -103341.78
298      297.00   108278.08   204207.31    61124.02   363273.36   147253.95  -105504.82  -310525.63  -221778.32    85158.34   -59315.19
299      298.00   129523.74   173934.43    59120.78   386744.98    80435.65  -119960.06  -276220.20  -221685.60    75755.10   -11647.26
300      299.00   139329.14   130457.50    59122.19   395708.95    18989.93  -127147.34  -228269.52  -214697.45    64961.08    36233.09
301      300.00   148042.80    85719.99    66972.92   420034.46   -32233.94  -137239.95  -189792.11  -217627.77    60504.85    88801.44
302      301.00   140506.26    28274.17    76371.11   414585.24   -71506.59  -136389.78  -141850.46  -206848.40    59243.51   142610.66
303      302.00   120365.55   -34526.97    86439.02   383670.78   -95149.21  -126975.24   -94456.49  -185334.23    66077.46   195596.06
304      303.00    96538.21  -101794.30    99059.52   346959.94  -109190.03  -117101.40   -55105.78  -161867.08    87409.80   257114.78
305      304.00    59595.93  -150344.96    94648.62   255632.56   -99707.74   -91839.10   -17988.10  -112633.71   107840.49   280790.79
306      305.00    34833.12  -210756.22    95335.07   194123.27   -99035.52   -82305.79     7687.05   -74327.92   151188.11   334943.94
307      306.00    14589.16  -253338.71    80151.74   117807.80   -92647.32   -73784.61    27322.47   -25643.15   193228.27   363648.88
308      307.00     5930.44  -278520.94    51310.32    46052.32   -87527.10   -72038.04    40071.30    24628.47   229375.25   370986.47
309      308.00    11228.14  -281447.06    11165.69   -11198.35   -84395.71   -76337.16    45589.44    69603.54   249226.96   350980.06
310      309.00    29280.57  -267425.94   -33349.35   -46955.43   -83565.40   -84800.10    44973.72   103630.99   251304.55   310994.68
311      310.00    57869.22  -250789.79   -77716.41   -63139.35   -85890.94   -96907.32    40995.49   128459.20   245849.97   267958.71
312      311.00    84196.68  -208308.54  -106306.68   -56697.28   -78812.47   -97621.46    30642.34   129186.80   209317.98   199462.92
313      312.00   112314.21  -179218.23  -128030.84   -43189.90   -72807.70   -99015.06    21318.43   127054.44   181985.90   148624.95
314      313.00   131189.00  -147465.51  -133685.10   -24574.03   -60686.52   -92593.17    12009.61   114662.19   150303.67   101496.98
315      314.00   148689.72  -126057.63  -135045.94    -7932.72   -48052.27   -86874.47     5084.37   104337.75   129497.66    68454.22
316      315.00   169475.61  -114471.47  -136929.73     6061.01   -35030.58   -84388.55      463.89    98736.72   120382.41    46190.34
317      316.00   188900.33  -106369.85  -135305.88    17400.55   -19261.30   -82947.19    -1918.71    93984.35   117208.30    29618.80
318      317.00   202316.19   -98832.13  -127491.36    25059.22     -514.38   -82016.99    -1710.12    87646.49   116804.54    17240.19
319      318.00   198515.67   -87487.48  -108294.42    27094.87    19121.68   -78933.37     1143.26    75298.50   112488.48     8430.73
320      319.00   186519.12   -77519.34   -85254.49    24879.67    37183.37   -78208.37     5979.61    61023.74   108038.00     3730.48
321      320.00   168172.72   -69640.03   -60210.42    19520.64    52531.95   -80227.26    12159.97    45309.53   102242.51     2195.86
322      321.00   146896.58   -64858.40   -35200.22    12355.61    65109.30   -85435.77    19382.93    29401.56    94732.42     2761.47
323      322.00   144339.90   -73295.31   -13128.68     5041.69    86976.55  -108158.97    32055.80    16775.51    97787.76     4976.87
324      323.00   104096.31   -65289.22    10481.64    -3780.15    83671.69  -104455.03    37698.75     2162.07    71085.28     5707.44
325      324.00       -0.00       -0.00       -0.00        0.00        0.00       -0.00        0.00        0.00       -0.00       -0.00
326      325.00       -0.00       -0.00       -0.00        0.00       -0.00       -0.00        0.00        0.00       -0.00       -0.00
327      326.00       -0.00       -0.00       -0.00        0.00       -0.00       -0.00        0.00        0.00       -0.00       -0.00
328      327.00       -0.00       -0.00       -0.00        0.00       -0.00       -0.00        0.00        0.00       -0.00       -0.00
329      328.00       -0.00       -0.00       -0.00        0.00       -0.00       -0.00        0.00        0.00       -0.00        0.00
330      329.00       -0.00       -0.00       -0.00        0.00       -0.00       -0.00        0.00        0.00       -0.00        0.00
331      330.00       -0.00       -0.00        0.00        0.00       -0.00       -0.00        0.00        0.00       -0.00        0.00
332      331.00       -0.00       -0.00        0.00        0.00       -0.00       -0.00        0.00        0.00       -0.00        0.00
333      332.00       -0.00        0.00        0.00        0.00       -0.00       -0.00        0.00        0.00       -0.00        0.00
334      333.00       -0.00        0.00        0.00        0.00       -0.00       -0.00        0.00        0.00       -0.00        0.00
335      334.00       -0.00        0.00        0.00        0.00       -0.00       -0.00       -0.00        0.00       -0.00        0.00
336      335.00       -0.00        0.00        0.00        0.00       -0.00       -0.00       -0.00        0.00       -0.00        0.00
337      336.00     -647.22      377.62      455.14      363.33     -233.58     -250.07     -192.98      215.22     -128.63      573.03
338      337.00     -533.85      413.89      467.27      390.27     -137.40     -240.81     -252.79      189.63     -181.59      649.79
339      338.00     -433.23      445.88      469.75      427.68      -53.14     -218.05     -288.65      166.46     -249.69      728.51
340      339.00     -323.21      454.42      438.57      454.29       19.10     -165.41     -282.67      135.79     -309.68      768.62
341      340.00     -198.76      411.76      350.84      433.42       67.96      -81.77     -221.04       92.27     -321.60      712.74
342      341.00     -100.07      367.23      258.90      404.86       95.61        2.07     -146.07       51.72     -307.82      641.14
343      342.00      -25.08      331.32      171.86      374.32      111.97       79.00      -71.82       14.04     -277.57      574.62
344      343.00       32.02      301.73       88.44      335.43      122.98      145.54       -3.46      -22.72     -233.18      512.00
345      344.00       73.63      276.65        9.61      283.65      132.12      197.50       53.98      -58.38     -179.14      451.91
346      345.00       99.72      252.63      -61.24      215.89      139.82      229.02       95.07      -89.81     -120.79      389.59
347      346.00      107.70      223.08     -115.53      133.57      142.06      231.02      112.86     -109.56      -64.86      316.56
348      347.00      110.62      209.95     -161.61       58.23      152.39      228.07      118.65     -125.11      -24.15      265.06
349      348.00      104.98      197.20     -193.65      -14.61      161.25      209.01      108.27     -128.52        4.99      212.24
350      349.00       95.76      186.97     -214.97      -78.15      170.35      181.84       87.26     -121.70       22.48      162.56
351      350.00       85.52      177.30     -226.83     -129.12      178.67      150.47       59.44     -105.88       30.81      115.86
352      351.00       78.31      171.14     -236.82     -170.41      190.26      121.79       29.32      -85.78       34.17       75.01
353      352.00       71.41      159.00     -234.81     -194.79      195.29       92.27       -2.25      -59.72       34.34       36.68
354      353.00       64.73      139.03     -218.27     -198.64      189.22       65.23      -30.17      -32.27       33.76        4.90
355      354.00       62.33      121.13     -202.21     -196.24      182.72       47.58      -53.03      -10.10       36.76      -17.18
356      355.00       60.74      100.87     -178.55     -182.01      166.76       37.52      -68.09        5.16       43.06      -28.77
357      356.00       60.30       82.95     -152.99     -162.78      144.44       36.54      -75.29       10.94       53.55      -29.71
358      357.00       57.98       67.44     -123.05     -136.37      111.61       43.04      -71.62        5.82       65.29      -19.72
359      358.00       55.25       60.06      -97.60     -112.00       75.50       57.49      -60.30       -9.42       78.61       -1.89
360      359.00       49.68       60.11      -76.00      -87.98       35.86       76.40      -40.34      -32.70       88.87       20.87
361      360.00       -0.00       -0.00       -0.00       -0.00       -0.00        0.00       -0.00        0.00       -0.00       -0.00
362      361.00       -0.00       -0.00       -0.00       -0.00       -0.00        0.00       -0.00        0.00       -0.00       -0.00
363      362.00       -0.00       -0.00       -0.00       -0.00       -0.00        0.00       -0.00        0.00       -0.00       -0.00
364      363.00       -0.00       -0.00       -0.00       -0.00       -0.00        0.00       -0.00        0.00       -0.00       -0.00
365      364.00       -0.00        0.00       -0.00       -0.00       -0.00        0.00       -0.00        0.00       -0.00       -0.00
366      365.00       -0.00        0.00       -0.00       -0.00       -0.00        0.00       -0.00       -0.00       -0.00       -0.00
367      366.00       -0.00        0.00       -0.00       -0.00       -0.00        0.00       -0.00       -0.00       -0.00       -0.00
368      367.00       -0.00        0.00       -0.00        0.00        0.00        0.00       -0.00       -0.00       -0.00       -0.00
369      368.00       -0.00        0.00       -0.00        0.00        0.00        0.00       -0.00       -0.00       -0.00        0.00
370      369.00       -0.00        0.00       -0.00        0.00        0.00        0.00       -0.00       -0.00       -0.00        0.00
371      370.00       -0.00        0.00       -0.00        0.00        0.00        0.00       -0.00       -0.00        0.00        0.00
372      371.00       -0.00        0.00       -0.00        0.00        0.00        0.00       -0.00       -0.00        0.00        0.00
373      372.00      -12.41       16.96       -0.58        2.99        2.33        7.19      -12.31       -6.32        3.99        5.97
374      373.00      -12.69       15.03        0.48        1.24        1.87        3.89      -13.80       -3.96        4.38        5.64
375      374.00      -12.91       12.57        1.80       -0.72        1.45        0.89      -15.09       -1.79        4.26        4.86
376      375.00      -13.20        9.76        3.26       -2.74        1.21       -1.84      -16.11       -0.07        3.91        3.83
377      376.00      -70.81       34.90       24.53      -24.66        6.10      -23.22      -87.56        5.73       18.77       14.15
378      377.00     -144.44       35.50       61.01      -69.00       13.32      -72.83     -175.96       17.41       36.56       16.85
379      378.00     -218.05        1.69      101.34     -130.55       22.25     -147.33     -256.00       25.69       58.67       10.47
380      379.00     -278.55      -60.02      130.41     -200.22       29.68     -236.57     -311.43       21.04       88.03       -0.52
381      380.00     -335.49     -142.60      144.78     -284.92       32.61     -347.03     -358.46       -3.01      132.05      -10.55
382      381.00     -360.69     -228.00      128.11     -363.33       23.48     -450.32     -378.31      -53.73      181.07      -15.00
383      382.00     -355.63     -307.94       84.01     -435.77       -1.23     -544.77     -389.97     -135.49      230.88      -12.66
384      383.00     -290.08     -349.35       16.65     -459.78      -41.78     -579.70     -375.95     -234.94      252.48       -6.16
385      384.00     -183.20     -357.06      -49.69     -441.17      -92.66     -570.19     -360.08     -341.80      243.52       -4.49
386      385.00      -46.50     -332.13      -95.42     -375.18     -147.39     -521.12     -343.60     -439.25      201.24      -17.36
387      386.00      110.03     -305.96     -116.25     -289.85     -217.52     -485.29     -350.82     -556.66      144.45      -56.20
388      387.00      273.42     -246.26      -92.97     -148.32     -283.05     -415.31     -333.14     -631.67       60.45     -124.02
389      388.00      408.76     -168.99      -30.02       19.12     -337.59     -332.74     -285.29     -655.21      -26.93     -212.76
390      389.00      534.35      -99.90       58.68      192.06     -410.53     -275.51     -227.06     -687.71     -104.31     -331.66
391      390.00      613.58      -35.66      162.18      352.66     -479.88     -221.02     -136.14     -690.78     -160.66     -455.67
392      391.00      693.91       12.43      283.21      518.68     -589.23     -185.33      -22.85     -730.91     -203.99     -614.86
393      392.00      732.32       39.62      403.95      661.76     -710.51     -147.49      124.11     -767.46     -221.35     -773.61
394      393.00      702.16       34.77      495.04      747.36     -813.71     -100.77      286.14     -777.41     -203.70     -889.20
395      394.00      618.11       -5.03      546.67      778.29     -894.64      -47.96      439.42     -769.30     -158.04     -954.32
396      395.00      484.99      -73.15      544.68      750.11     -926.67        8.75      552.22     -729.27      -92.00     -947.85
397      396.00        0.00        0.00       -0.00       -0.00        0.00       -0.00       -0.00       -0.00       -0.00        0.00
398      397.00        0.00        0.00       -0.00       -0.00        0.00       -0.00       -0.00       -0.00       -0.00        0.00
399      398.00        0.00        0.00       -0.00       -0.00        0.00       -0.00       -0.00       -0.00       -0.00        0.00
400      399.00        0.00        0.00        0.00       -0.00        0.00       -0.00       -0.00       -0.00       -0.00        0.00
401      400.00        0.00        0.00        0.00       -0.00        0.00       -0.00       -0.00       -0.00       -0.00        0.00
402      401.00       -0.00       -0.00        0.00       -0.00        0.00       -0.00       -0.00       -0.00       -0.00        0.00
403      402.00       -0.00       -0.00        0.00       -0.00        0.00        0.00       -0.00       -0.00       -0.00        0.00
404      403.00       -0.00       -0.00        0.00       -0.00        0.00        0.00       -0.00       -0.00       -0.00        0.00
405      404.00       -0.00       -0.00        0.00        0.00        0.00        0.00       -0.00       -0.00       -0.00        0.00
406      405.00       -0.00       -0.00        0.00        0.00        0.00        0.00       -0.00       -0.00       -0.00        0.00
407      406.00       -0.00       -0.00        0.00        0.00        0.00        0.00       -0.00        0.00       -0.00        0.00
408      407.00        0.00       -0.00        0.00        0.00        0.00       -0.00       -0.00        0.00       -0.00        0.00
409      408.00    21964.04   -87591.73   199456.11    -3404.45   188086.62   -20187.17  -182645.97   139290.79  -234521.78   150477.24
410      409.00    44736.45   -77745.92   175335.88    -8976.75   155563.06   -24953.35  -180494.89   176946.33  -243458.97   163282.77
411      410.00    71806.44   -57742.63   148072.07    -8012.32   124799.51   -23149.22  -173182.38   205186.69  -248243.41   175385.90
412      411.00    96728.49   -26624.00   113975.63     1763.98    90615.75   -15585.17  -155217.31   215145.43  -236640.02   179593.74
413      412.00   108305.71     8489.88    76124.83    18153.73    53965.88    -5587.53  -125635.76   198158.43  -200698.76   168281.04
414      413.00   111433.03    38566.74    48740.90    37430.06    24749.77     2357.10  -101767.63   176067.38  -164305.57   157377.43
415      414.00   105162.30    60421.76    31660.32    56188.11     2399.31     7122.96   -83553.97   150434.66  -128232.07   145614.18
416      415.00    92064.71    73396.49    24316.25    72561.08   -13139.72     8801.02   -71606.32   125463.55   -95764.29   134562.12
417      416.00    74957.71    78775.55    24876.12    86298.21   -22659.83     8236.81   -65280.12   103671.98   -68096.74   125334.45
418      417.00    55400.63    77703.71    31158.15    97347.75   -26876.03     6342.25   -63057.81    85440.48   -44484.34   117669.06
419      418.00    32730.48    67277.89    38980.52   100064.36   -24788.03     3745.28   -60211.72    67026.35   -22784.64   105341.81
420      419.00    12759.41    56204.55    50116.76   105006.17   -19642.56     1734.25   -62170.75    56401.51    -5928.99   100055.66
421      420.00    -5855.79    38017.05    56550.04    98748.76    -9605.26      572.18   -59949.38    45403.72     7812.41    88397.62
422      421.00   -20045.17    19606.54    60103.57    89772.28     1870.38      753.13   -57734.44    38475.35    17062.69    78515.70
423      422.00   -28992.52     2350.94    58603.28    76643.56    12787.89     2086.87   -53828.81    33796.15    21561.77    68290.71
424      423.00   -35868.46   -12511.36    57499.56    66972.56    22778.83     4355.20   -53123.57    33546.92    23774.34    63478.78
425      424.00   -38664.04   -24440.28    51784.47    54001.33    29214.92     6745.83   -50478.53    33671.97    22317.52    56878.93
426      425.00   -39138.93   -32984.06    44211.13    40564.25    31506.65     8658.33   -47474.88    34501.36    18757.41    49800.04
427      426.00   -41589.65   -41669.02    39189.74    29586.45    32041.74    10436.96   -47962.11    38715.91    15413.86    45360.21
428      427.00   -41320.67   -46118.49    31915.55    16176.15    26600.95    10523.62   -45296.03    41269.33    10706.98    36371.91
429      428.00   -42316.75   -50345.49    26507.96     3076.26    18355.81     9691.47   -43204.23    45277.99     6557.96    26266.85
430      429.00   -43247.20   -53169.10    22163.08    -9979.82     7356.65     7720.52   -39538.72    48935.94     2868.74    13673.99
431      430.00   -44293.51   -55105.71    19169.33   -21944.02    -4581.71     5062.41   -34156.99    51936.71     -152.65     -367.63
432      431.00   -45165.98   -56144.34    17209.19   -31605.11   -15519.19     2222.19   -26860.43    53561.95    -2489.90   -14307.35
433      432.00        0.00       -0.00        0.00        0.00       -0.00       -0.00       -0.00        0.00       -0.00       -0.00
434      433.00        0.00        0.00        0.00        0.00       -0.00       -0.00       -0.00        0.00       -0.00       -0.00
435      434.00        0.00        0.00        0.00        0.00       -0.00       -0.00       -0.00        0.00       -0.00       -0.00
436      435.00       -0.00        0.00       -0.00        0.00        0.00       -0.00       -0.00        0.00       -0.00       -0.00
437      436.00       -0.00        0.00       -0.00        0.00        0.00       -0.00       -0.00        0.00       -0.00       -0.00
438      437.00       -0.00        0.00       -0.00        0.00        0.00       -0.00        0.00        0.00       -0.00       -0.00
439      438.00       -0.00        0.00       -0.00        0.00        0.00       -0.00        0.00       -0.00       -0.00       -0.00
440      439.00       -0.00        0.00       -0.00        0.00        0.00       -0.00        0.00       -0.00        0.00       -0.00
441      440.00       -0.00        0.00       -0.00        0.00        0.00       -0.00        0.00       -0.00        0.00       -0.00
442      441.00       -0.00        0.00       -0.00        0.00       -0.00       -0.00        0.00       -0.00        0.00       -0.00
443      442.00       -0.00        0.00       -0.00        0.00       -0.00       -0.00        0.00       -0.00        0.00       -0.00
444      443.00       -0.00        0.00       -0.00        0.00       -0.00       -0.00        0.00       -0.00        0.00       -0.00
445      444.00     -237.81      232.14     -260.31       -7.18     -101.49     -481.15       58.15     -279.42      174.41       27.91
446      445.00     -108.99      118.62     -112.65      -16.35      -40.48     -188.74        4.78     -123.84       78.96       38.70
447      446.00      -88.81      105.64      -87.04      -21.16      -21.89     -126.95      -12.21      -99.29       61.01       47.44
448      447.00      -92.03      118.26      -87.75      -28.20       -6.13     -105.01      -26.39     -104.85       57.92       62.00
449      448.00     -113.38      157.60     -109.55      -42.22       17.82     -100.03      -45.57     -137.43       63.47       90.12
450      449.00     -119.05      181.92     -122.10      -54.77       50.51      -78.58      -58.19     -160.19       57.86      109.21
451      450.00     -154.59      267.49     -175.64      -93.14      115.66      -73.59      -86.24     -239.87       64.38      163.67
452      451.00     -122.13      249.18     -159.15     -103.80      141.95      -40.28      -75.96     -226.24       44.42      150.96
453      452.00     -107.27      271.15     -164.62     -138.25      185.72      -24.04      -74.69     -245.83       37.74      157.56
454      453.00      -79.37      263.53     -146.32     -165.73      204.95      -13.45      -63.49     -234.82       34.36      141.72
455      454.00      -71.23      333.52     -159.78     -257.89      283.68      -13.84      -68.29     -288.21       52.29      159.11
456      455.00      -48.99      354.15     -132.90     -334.30      321.46      -18.14      -58.92     -294.41       78.59      141.76
457      456.00      -26.77      334.51      -79.63     -383.45      318.99      -23.58      -40.35     -267.30      110.50      102.95
458      457.00      -12.81      288.91      -15.74     -402.99      286.79      -25.46      -16.20     -223.87      142.09       57.08
459      458.00      -11.18      264.02       54.15     -455.62      272.13      -23.72       13.26     -203.13      192.86       16.51
460      459.00      -20.99      203.35      125.52     -454.50      219.52      -10.51       51.12     -163.60      226.40      -24.10
461      460.00      -43.36      131.79      189.79     -428.75      155.13       11.67       94.48     -125.14      247.30      -55.43
462      461.00      -86.54       61.79      270.28     -431.02       97.03       43.48      157.23     -102.38      284.58      -83.31
463      462.00     -131.14      -23.36      300.29     -359.65       22.30       70.41      201.33      -69.95      269.93      -87.33
464      463.00     -181.72     -100.26      311.94     -293.46      -41.50       88.37      240.63      -47.61      249.57      -79.83
465      464.00     -257.86     -184.60      335.62     -260.57     -104.70      101.55      300.87      -37.12      250.96      -70.84
466      465.00     -306.99     -242.85      302.69     -208.11     -152.92       85.59      323.85      -29.12      227.15      -48.86
467      466.00     -332.43     -276.03      243.81     -165.35     -189.43       49.59      328.39      -27.05      204.53      -27.45
468      467.00     -358.60     -308.72      185.94     -146.72     -237.30        1.69      349.02      -33.19      205.11      -14.12
469      468.00        0.00       -0.00        0.00        0.00       -0.00        0.00       -0.00        0.00        0.00       -0.00
470      469.00        0.00       -0.00        0.00       -0.00       -0.00        0.00       -0.00        0.00        0.00       -0.00
471      470.00        0.00       -0.00        0.00       -0.00       -0.00        0.00       -0.00        0.00        0.00       -0.00
472      471.00        0.00       -0.00        0.00       -0.00       -0.00        0.00       -0.00        0.00        0.00       -0.00
473      472.00        0.00       -0.00        0.00       -0.00       -0.00        0.00       -0.00        0.00        0.00       -0.00
474      473.00        0.00       -0.00        0.00       -0.00       -0.00        0.00       -0.00        0.00        0.00       -0.00
475      474.00        0.00       -0.00        0.00       -0.00       -0.00        0.00       -0.00        0.00        0.00       -0.00
476      475.00        0.00       -0.00        0.00       -0.00       -0.00        0.00       -0.00       -0.00        0.00       -0.00
477      476.00        0.00       -0.00        0.00       -0.00       -0.00        0.00       -0.00       -0.00        0.00       -0.00
478      477.00        0.00       -0.00        0.00       -0.00       -0.00        0.00       -0.00       -0.00        0.00       -0.00
479      478.00        0.00       -0.00        0.00        0.00       -0.00        0.00       -0.00       -0.00        0.00       -0.00
480      479.00        0.00        0.00        0.00        0.00       -0.00        0.00       -0.00       -0.00        0.00       -0.00
481      480.00        2.56        1.55        3.19        3.44       -6.22       21.24       -3.84      -17.75       16.76        0.45
482      481.00        1.67        2.70        3.18        3.82       -8.20       22.38       -3.99      -18.55       16.74        2.36
483      482.00        0.59        3.75        3.91        3.66      -10.07       23.07       -4.03      -18.37       16.48        4.36
484      483.00       -0.58        4.72        5.24        3.06      -11.63       23.17       -3.97      -17.23       16.11        6.44
485      484.00       -1.67        5.63        6.97        2.20      -12.68       22.58       -3.79      -15.17       15.77        8.47
486      485.00       -2.47        6.49        8.84        1.24      -13.08       21.20       -3.48      -12.33       15.55       10.28
487      486.00       -2.80        7.30       10.59        0.39      -12.73       19.01       -2.99       -8.89       15.46       11.64
488      487.00       -2.53        8.02       11.90       -0.22      -11.57       16.06       -2.28       -5.15       15.42       12.35
489      488.00       -1.65        8.64       12.54       -0.55       -9.61       12.50       -1.36       -1.44       15.24       12.25
490      489.00       -0.32        9.13       12.33       -0.68       -6.91        8.60       -0.26        1.87       14.67       11.33
491      490.00        1.21        9.46       11.27       -0.80       -3.64        4.74        0.91        4.46       13.48        9.73
492      491.00        2.60        9.62        9.53       -1.16       -0.07        1.34        2.04        6.19       11.50        7.74
493      492.00        3.53        9.61        7.42       -1.99        3.54       -1.22        3.05        7.07        8.74        5.76
494      493.00        3.85        9.43        5.31       -3.39        6.88       -2.74        3.89        7.30        5.34        4.19
495      494.00        3.53        9.08        3.52       -5.32        9.75       -3.21        4.61        7.18        1.59        3.35
496      495.00        2.69        8.55        2.25       -7.64       12.02       -2.83        5.27        7.01       -2.20        3.40
497      496.00        1.54        7.85        1.50      -10.09       13.63       -1.92        5.95        7.01       -5.71        4.34
498      497.00        0.27        6.98        1.14      -12.43       14.58       -0.84        6.65        7.29       -8.65        6.06
499      498.00       -0.94        5.98        0.96      -14.48       14.90        0.04        7.33        7.83      -10.77        8.31
500      499.00       -2.03        4.94        0.70      -16.14       14.69        0.48        7.91        8.50      -11.92       10.83
501      500.00       -2.97        3.93        0.16      -17.48       14.04        0.38        8.28        9.15      -12.06       13.35
502      501.00       -3.80        3.05       -0.79      -18.62       13.08       -0.21        8.40        9.67      -11.26       15.67
503      502.00       -4.57        2.33       -2.16      -19.73       11.86       -1.14        8.28        9.94       -9.68       17.63
504      503.00       -5.31        1.82       -3.90      -20.91       10.41       -2.20        7.98        9.95       -7.48       19.14
505      504.00       -0.00        0.00        0.00       -0.00        0.00        0.00       -0.00       -0.00       -0.00       -0.00
506      505.00       -0.00        0.00        0.00       -0.00        0.00        0.00       -0.00       -0.00       -0.00       -0.00
507      506.00       -0.00        0.00        0.00       -0.00        0.00        0.00       -0.00       -0.00       -0.00       -0.00
508      507.00        0.00       -0.00        0.00       -0.00        0.00        0.00       -0.00       -0.00       -0.00       -0.00
509      508.00        0.00       -0.00        0.00       -0.00        0.00        0.00       -0.00       -0.00       -0.00       -0.00
510      509.00        0.00       -0.00        0.00       -0.00        0.00        0.00       -0.00       -0.00       -0.00       -0.00
511      510.00        0.00       -0.00        0.00        0.00        0.00        0.00       -0.00       -0.00       -0.00        0.00
512      511.00        0.00       -0.00        0.00        0.00        0.00        0.00       -0.00        0.00       -0.00        0.00
513      512.00        0.00       -0.00        0.00        0.00        0.00        0.00       -0.00        0.00       -0.00        0.00
514      513.00        0.00       -0.00        0.00        0.00        0.00        0.00        0.00        0.00       -0.00        0.00
515      514.00        0.00       -0.00        0.00        0.00        0.00        0.00        0.00        0.00       -0.00       -0.00
516      515.00       -0.00       -0.00        0.00        0.00        0.00        0.00        0.00        0.00       -0.00       -0.00
517      516.00   -21158.78    28182.54   328036.51   127374.58   142406.78   345529.53    87454.78   177856.83    48585.90   -60813.28
518      517.00   -25823.76    54234.12   314325.17   110684.50   119942.74   349335.70    99647.86   171072.88   106544.37   -91487.89
519      518.00   -22565.04    75377.40   306907.64    92475.43    91410.40   362942.44   113349.75   159163.15   163211.98  -126289.81
520      519.00    -9921.88    82961.44   281663.77    66422.30    45875.15   353638.89   120874.36   131336.43   204128.93  -153943.31
521      520.00     9171.50    81420.25   264152.67    42025.50   -11733.78   346878.87   133287.15   103401.30   241105.26  -183355.09
522      521.00    32484.66    66615.65   238925.90    19290.06   -82096.78   318938.56   145360.31    72534.21   260645.46  -203191.33
523      522.00    54746.64    42020.80   204619.75     3708.61  -154250.49   266076.07   155670.92    44756.51   257937.42  -207124.30
524      523.00    73199.00    15855.52   168436.30     -326.90  -219865.63   200601.21   167629.98    26971.25   242131.93  -198855.06
525      524.00    79055.21    -5523.30   119283.81     7722.73  -247096.58   117167.13   163910.00    19519.72   198326.94  -162882.26
526      525.00    58914.67   -12253.65    56890.45    17858.75  -185285.29    34954.76   116009.41    17266.49   115430.71   -90674.97
527      526.00    49077.46   -11925.64    26650.64    27867.18  -147663.33    -3250.09    91154.33    21587.34    74637.08   -51664.63
528      527.00    47898.23   -10149.59    10186.47    40144.21  -129121.93   -24766.43    79684.14    30353.41    54380.46   -27888.68
529      528.00    49554.66    -7870.19     -838.26    52456.20  -111532.07   -37627.05    67736.58    40777.44    39031.35    -7619.66
530      529.00    49155.92    -6130.28    -6956.95    58902.86   -86857.58   -40537.14    49081.78    47841.27    23666.67     9910.25
531      530.00    55275.76    -7355.59    -9760.29    69717.59   -73525.96   -42802.96    33687.92    59650.03    12170.68    26363.19
532      531.00    59908.07   -11346.09    -8853.54    76164.42   -58864.65   -40065.37    14237.84    69181.00      -25.63    41314.39
533      532.00    67116.34   -19482.53    -5226.51    84129.87   -48896.46   -36810.83    -6778.91    81835.16   -12703.96    58105.73
534      533.00    68830.38   -29668.54     1283.65    84334.57   -38173.16   -29863.40   -27848.24    88589.04   -24428.81    70702.94
535      534.00    62950.97   -38270.08     8423.62    75340.12   -27999.03   -20959.33   -42452.47    85868.39   -31614.48    74640.63
536      535.00    65540.64   -53513.41    17159.05    76937.12   -25379.30   -16259.76   -59462.72    94796.92   -41362.48    87822.50
537      536.00    63034.18   -66056.91    24843.75    73163.89   -23672.37   -11372.92   -68867.04    95793.58   -46457.53    92969.06
538      537.00    56728.84   -72990.63    29277.07    65904.84   -23077.12    -7466.90   -68872.27    88581.81   -46175.36    88760.48
539      538.00    57784.86   -87372.10    35096.84    68293.66   -27615.97    -5982.42   -72755.61    89505.07   -49708.88    91498.19
540      539.00    51640.50   -88144.58    33466.06    63246.07   -30100.45    -4983.05   -63483.57    75940.26   -45659.67    78558.81
