  1        0.00       -1.41       -0.44       -0.98        1.40       -0.55       -1.73       -0.94       -0.97        1.06       -0.09
  2        1.00       -1.33       -0.19       -0.92        1.46       -0.45       -1.68       -1.09       -0.96        1.18       -0.07
  3        2.00       -1.28        0.10       -0.79        1.54       -0.40       -1.57       -1.22       -0.88        1.25       -0.06
  4        3.00       -1.24        0.40       -0.58        1.63       -0.43       -1.40       -1.31       -0.73        1.27       -0.04
  5        4.00       -1.22        0.69       -0.33        1.70       -0.53       -1.18       -1.33       -0.52        1.21       -0.03
  6        5.00       -1.18        0.93       -0.07        1.73       -0.70       -0.93       -1.30       -0.27        1.08       -0.02
  7        6.00       -1.10        1.12        0.20        1.68       -0.91       -0.66       -1.22       -0.03        0.87       -0.00
  8        7.00       -0.98        1.24        0.45        1.54       -1.13       -0.42       -1.11        0.18        0.59        0.03
  9        8.00       -0.80        1.32        0.69        1.31       -1.34       -0.20       -1.01        0.32        0.25        0.06
 10        9.00       -0.55        1.37        0.92        1.00       -1.50       -0.02       -0.95        0.38       -0.12        0.11
 11       10.00       -0.24        1.42        1.14        0.62       -1.62        0.11       -0.94        0.35       -0.50        0.14
 12       11.00        0.10        1.48        1.37        0.21       -1.67        0.21       -0.97        0.26       -0.89        0.15
 13       12.00        0.47        1.58        1.59       -0.22       -1.64        0.27       -1.05        0.12       -1.25        0.11
 14       13.00        0.84        1.72        1.79       -0.62       -1.53        0.31       -1.15       -0.04       -1.57        0.03
 15       14.00        1.16        1.89        1.96       -0.95       -1.31        0.31       -1.26       -0.18       -1.81       -0.10
 16       15.00        1.42        2.05        2.08       -1.20       -1.01        0.28       -1.35       -0.27       -1.96       -0.27
 17       16.00        1.58        2.19        2.13       -1.33       -0.63        0.22       -1.42       -0.29       -2.00       -0.44
 18       17.00        1.63        2.27        2.12       -1.34       -0.21        0.14       -1.47       -0.23       -1.94       -0.60
 19       18.00        1.58        2.26        2.07       -1.25        0.20        0.04       -1.49       -0.10       -1.77       -0.73
 20       19.00        1.44        2.15        1.98       -1.06        0.58       -0.08       -1.49        0.06       -1.53       -0.81
 21       20.00        1.21        1.93        1.89       -0.82        0.90       -0.20       -1.46        0.23       -1.25       -0.85
 22       21.00        0.92        1.62        1.80       -0.53        1.13       -0.30       -1.40        0.38       -0.96       -0.88
 23       22.00        0.59        1.23        1.73       -0.24        1.27       -0.38       -1.28        0.49       -0.69       -0.90
 24       23.00        0.25        0.82        1.66        0.04        1.33       -0.41       -1.11        0.54       -0.49       -0.94
 25       24.00       -0.07        0.43        1.59        0.28        1.32       -0.38       -0.88        0.55       -0.37       -1.02
 26       25.00       -0.34        0.09        1.50        0.46        1.28       -0.30       -0.59        0.53       -0.32       -1.13
 27       26.00       -0.55       -0.15        1.38        0.56        1.22       -0.17       -0.26        0.50       -0.32       -1.27
 28       27.00       -0.69       -0.30        1.23        0.59        1.17       -0.00        0.09        0.48       -0.35       -1.42
 29       28.00       -0.76       -0.36        1.05        0.56        1.13        0.18        0.43        0.50       -0.37       -1.56
 30       29.00       -0.78       -0.35        0.83        0.48        1.11        0.37        0.75        0.56       -0.36       -1.68
 31       30.00       -0.76       -0.30        0.58        0.37        1.08        0.55        1.03        0.67       -0.31       -1.77
 32       31.00       -0.71       -0.23        0.33        0.23        1.04        0.70        1.27        0.83       -0.22       -1.80
 33       32.00       -0.67       -0.14        0.07        0.10        0.97        0.81        1.44        1.03       -0.10       -1.77
 34       33.00       -0.63       -0.05       -0.17       -0.01        0.86        0.86        1.56        1.26        0.03       -1.68
 35       34.00       -0.62        0.04       -0.39       -0.09        0.69        0.84        1.60        1.51        0.14       -1.50
 36       35.00       -0.63        0.13       -0.57       -0.13        0.48        0.72        1.56        1.78        0.23       -1.24
 37       36.00        2.72        0.35        0.76        0.42       -0.07        0.12       -0.96        0.72        0.36        0.45
 38       37.00        2.69        0.24        0.59        0.09       -0.07        0.04       -1.07        1.02        0.55        0.17
 39       38.00        2.53        0.10        0.36       -0.17       -0.02       -0.01       -1.18        1.26        0.69       -0.13
 40       39.00        2.26       -0.06        0.13       -0.36        0.06       -0.05       -1.27        1.40        0.77       -0.43
 41       40.00        1.93       -0.22       -0.07       -0.50        0.16       -0.09       -1.34        1.45        0.77       -0.71
 42       41.00        1.59       -0.38       -0.21       -0.59        0.26       -0.14       -1.37        1.40        0.70       -0.96
 43       42.00        1.27       -0.54       -0.25       -0.65        0.34       -0.22       -1.37        1.28        0.59       -1.17
 44       43.00        0.99       -0.69       -0.22       -0.70        0.39       -0.33       -1.34        1.09        0.45       -1.33
 45       44.00        0.74       -0.85       -0.13       -0.74        0.40       -0.46       -1.29        0.85        0.28       -1.44
 46       45.00        0.52       -1.04        0.01       -0.78        0.37       -0.61       -1.23        0.56        0.11       -1.48
 47       46.00        0.33       -1.24        0.17       -0.82        0.29       -0.75       -1.15        0.25       -0.08       -1.45
 48       47.00        0.16       -1.47        0.34       -0.85        0.19       -0.86       -1.06       -0.08       -0.27       -1.34
 49       48.00        0.01       -1.71        0.50       -0.88        0.09       -0.92       -0.98       -0.38       -0.45       -1.15
 50       49.00       -0.11       -1.95        0.64       -0.90       -0.00       -0.92       -0.91       -0.64       -0.62       -0.88
 51       50.00       -0.19       -2.16        0.76       -0.90       -0.05       -0.84       -0.86       -0.85       -0.78       -0.56
 52       51.00       -0.22       -2.32        0.86       -0.88       -0.03       -0.71       -0.83       -0.98       -0.93       -0.21
 53       52.00       -0.17       -2.41        0.93       -0.83        0.07       -0.53       -0.81       -1.05       -1.06        0.15
 54       53.00       -0.06       -2.40        0.97       -0.73        0.23       -0.35       -0.80       -1.08       -1.18        0.49
 55       54.00        0.12       -2.28        0.97       -0.58        0.45       -0.21       -0.78       -1.08       -1.29        0.78
 56       55.00        0.33       -2.04        0.90       -0.38        0.68       -0.13       -0.75       -1.09       -1.39        1.02
 57       56.00        0.53       -1.70        0.76       -0.15        0.89       -0.15       -0.72       -1.13       -1.49        1.16
 58       57.00        0.70       -1.30        0.54        0.09        1.04       -0.29       -0.68       -1.23       -1.56        1.21
 59       58.00        0.79       -0.87        0.24        0.33        1.08       -0.54       -0.66       -1.36       -1.60        1.15
 60       59.00        0.78       -0.47       -0.14        0.52        1.02       -0.89       -0.67       -1.53       -1.59        1.00
 61       60.00        0.66       -0.15       -0.56        0.66        0.84       -1.27       -0.73       -1.68       -1.52        0.78
 62       61.00        0.46        0.06       -1.01        0.75        0.59       -1.64       -0.82       -1.80       -1.40        0.55
 63       62.00        0.20        0.15       -1.42        0.79        0.29       -1.95       -0.95       -1.85       -1.22        0.35
 64       63.00       -0.06        0.14       -1.78        0.81       -0.02       -2.17       -1.08       -1.82       -1.01        0.23
 65       64.00       -0.30        0.06       -2.06        0.81       -0.33       -2.32       -1.20       -1.72       -0.79        0.20
 66       65.00       -0.49       -0.05       -2.24        0.82       -0.64       -2.37       -1.27       -1.57       -0.58        0.26
 67       66.00       -0.61       -0.17       -2.30        0.81       -0.94       -2.36       -1.25       -1.37       -0.37        0.41
 68       67.00       -0.65       -0.26       -2.24        0.79       -1.22       -2.27       -1.14       -1.15       -0.18        0.60
 69       68.00       -0.62       -0.31       -2.09        0.74       -1.49       -2.11       -0.92       -0.93       -0.00        0.81
 70       69.00       -0.54       -0.31       -1.85        0.66       -1.72       -1.91       -0.60       -0.73        0.18        0.99
 71       70.00       -0.42       -0.27       -1.59        0.56       -1.92       -1.66       -0.22       -0.58        0.39        1.12
 72       71.00       -0.29       -0.22       -1.32        0.45       -2.08       -1.37        0.19       -0.49        0.62        1.20
 73       72.00       -1.28       -0.29        0.96        0.14       -1.24        2.01        0.46        1.70        1.58        0.08
 74       73.00       -1.07       -0.03        1.13        0.33       -1.53        2.07        0.53        1.67        1.37        0.06
 75       74.00       -0.83        0.20        1.30        0.58       -1.80        2.07        0.60        1.63        1.14        0.04
 76       75.00       -0.57        0.38        1.46        0.87       -2.03        2.02        0.63        1.60        0.89        0.03
 77       76.00       -0.30        0.52        1.59        1.20       -2.21        1.91        0.62        1.59        0.64        0.03
 78       77.00       -0.05        0.62        1.67        1.54       -2.29        1.77        0.58        1.60        0.43        0.02
 79       78.00        0.17        0.69        1.69        1.88       -2.29        1.61        0.51        1.64        0.27        0.01
 80       79.00        0.36        0.74        1.64        2.20       -2.19        1.42        0.42        1.67        0.17       -0.01
 81       80.00        0.52        0.77        1.49        2.47       -2.00        1.20        0.33        1.68        0.13       -0.05
 82       81.00        0.65        0.76        1.25        2.66       -1.73        0.94        0.25        1.66        0.14       -0.11
 83       82.00        0.74        0.72        0.91        2.74       -1.41        0.66        0.22        1.58        0.20       -0.17
 84       83.00        0.81        0.61        0.49        2.70       -1.06        0.34        0.22        1.45        0.26       -0.22
 85       84.00        0.83        0.45        0.02        2.51       -0.72        0.03        0.26        1.28        0.31       -0.25
 86       85.00        0.80        0.25       -0.45        2.19       -0.41       -0.25        0.32        1.08        0.32       -0.24
 87       86.00        0.74        0.03       -0.86        1.78       -0.16       -0.46        0.38        0.88        0.27       -0.18
 88       87.00        0.65       -0.18       -1.18        1.34        0.01       -0.58        0.42        0.68        0.16       -0.08
 89       88.00        0.56       -0.33       -1.37        0.91        0.12       -0.60        0.42        0.51        0.01        0.06
 90       89.00        0.47       -0.42       -1.45        0.55        0.15       -0.55        0.36        0.35       -0.18        0.22
 91       90.00        0.40       -0.41       -1.42        0.27        0.13       -0.43        0.27        0.20       -0.38        0.38
 92       91.00        0.37       -0.32       -1.32        0.09        0.06       -0.27        0.14        0.06       -0.55        0.52
 93       92.00        0.38       -0.14       -1.16       -0.02       -0.04       -0.10       -0.00       -0.07       -0.66        0.63
 94       93.00        0.41        0.09       -1.00       -0.09       -0.16        0.06       -0.14       -0.18       -0.71        0.70
 95       94.00        0.45        0.37       -0.86       -0.14       -0.27        0.19       -0.25       -0.25       -0.67        0.75
 96       95.00        0.47        0.65       -0.76       -0.20       -0.34        0.28       -0.34       -0.29       -0.56        0.81
 97       96.00        0.44        0.89       -0.69       -0.30       -0.35        0.31       -0.38       -0.28       -0.40        0.89
 98       97.00        0.35        1.06       -0.66       -0.44       -0.29        0.28       -0.39       -0.21       -0.23        1.01
 99       98.00        0.21        1.12       -0.64       -0.58       -0.16        0.18       -0.35       -0.11       -0.08        1.17
100       99.00        0.03        1.06       -0.63       -0.70        0.01        0.03       -0.27        0.01        0.01        1.36
101      100.00       -0.12        0.90       -0.61       -0.77        0.18       -0.16       -0.18        0.12        0.01        1.56
102      101.00       -0.21        0.68       -0.59       -0.79        0.32       -0.35       -0.09        0.22       -0.05        1.75
103      102.00       -0.23        0.44       -0.58       -0.77        0.40       -0.52       -0.02        0.29       -0.17        1.91
104      103.00       -0.17        0.20       -0.58       -0.70        0.41       -0.65       -0.01        0.33       -0.30        2.05
105      104.00       -0.04       -0.04       -0.61       -0.60        0.38       -0.74       -0.06        0.34       -0.43        2.16
106      105.00        0.15       -0.25       -0.65       -0.48        0.30       -0.76       -0.20        0.30       -0.54        2.21
107      106.00        0.36       -0.45       -0.72       -0.35        0.20       -0.72       -0.43        0.22       -0.61        2.20
108      107.00        0.57       -0.62       -0.81       -0.19        0.09       -0.62       -0.76        0.09       -0.64        2.10
109      108.00        0.02       -0.88       -1.74       -0.28        1.10       -0.00        1.03        1.49        0.22       -0.24
110      109.00        0.15       -1.00       -1.89       -0.15        0.81        0.09        1.16        1.24        0.24       -0.08
111      110.00        0.23       -1.13       -1.98       -0.00        0.47        0.13        1.25        0.96        0.26        0.03
112      111.00        0.25       -1.26       -2.01        0.14        0.12        0.11        1.32        0.65        0.27        0.08
113      112.00        0.22       -1.38       -1.99        0.26       -0.21        0.03        1.38        0.35        0.27        0.07
114      113.00        0.14       -1.48       -1.91        0.37       -0.50       -0.11        1.46        0.08        0.26        0.01
115      114.00        0.03       -1.55       -1.79        0.47       -0.72       -0.28        1.57       -0.17        0.25       -0.06
116      115.00       -0.09       -1.59       -1.61        0.55       -0.88       -0.45        1.71       -0.37        0.23       -0.14
117      116.00       -0.22       -1.58       -1.38        0.63       -0.96       -0.59        1.89       -0.54        0.22       -0.17
118      117.00       -0.32       -1.54       -1.10        0.72       -0.97       -0.70        2.08       -0.67        0.19       -0.16
119      118.00       -0.40       -1.47       -0.78        0.80       -0.90       -0.75        2.27       -0.76        0.16       -0.10
120      119.00       -0.44       -1.40       -0.45        0.90       -0.77       -0.73        2.40       -0.81        0.12        0.00
121      120.00       -0.46       -1.33       -0.14        1.00       -0.59       -0.66        2.46       -0.85        0.07        0.13
122      121.00       -0.46       -1.28        0.11        1.11       -0.38       -0.54        2.40       -0.87        0.01        0.26
123      122.00       -0.46       -1.24        0.28        1.22       -0.17       -0.37        2.21       -0.88       -0.03        0.36
124      123.00       -0.48       -1.20        0.34        1.33        0.01       -0.16        1.91       -0.88       -0.04        0.42
125      124.00       -0.53       -1.15        0.29        1.43        0.14        0.09        1.51       -0.88       -0.01        0.44
126      125.00       -0.62       -1.07        0.14        1.51        0.20        0.36        1.05       -0.86        0.06        0.41
127      126.00       -0.76       -0.96       -0.07        1.54        0.20        0.67        0.58       -0.83        0.15        0.35
128      127.00       -0.93       -0.82       -0.30        1.50        0.15        0.99        0.15       -0.77        0.24        0.28
129      128.00       -1.15       -0.68       -0.52        1.37        0.07        1.31       -0.20       -0.67        0.30        0.21
130      129.00       -1.39       -0.56       -0.67        1.16       -0.03        1.61       -0.44       -0.54        0.31        0.17
131      130.00       -1.64       -0.49       -0.75        0.85       -0.13        1.88       -0.58       -0.38        0.23        0.17
132      131.00       -1.89       -0.49       -0.75        0.48       -0.22        2.09       -0.62       -0.18        0.07        0.21
133      132.00       -2.13       -0.57       -0.66        0.05       -0.31        2.24       -0.60        0.06       -0.20        0.31
134      133.00       -2.32       -0.70       -0.50       -0.40       -0.40        2.31       -0.53        0.33       -0.54        0.47
135      134.00       -2.42       -0.87       -0.30       -0.82       -0.48        2.28       -0.44        0.62       -0.94        0.69
136      135.00       -2.42       -1.05       -0.07       -1.18       -0.57        2.16       -0.35        0.90       -1.36        0.95
137      136.00       -2.31       -1.19        0.14       -1.43       -0.65        1.96       -0.25        1.13       -1.74        1.23
138      137.00       -2.09       -1.27        0.32       -1.55       -0.70        1.71       -0.16        1.28       -2.05        1.51
139      138.00       -1.81       -1.27        0.46       -1.57       -0.70        1.42       -0.07        1.34       -2.27        1.76
140      139.00       -1.49       -1.18        0.55       -1.49       -0.65        1.13        0.02        1.30       -2.37        1.97
141      140.00       -1.18       -1.01        0.61       -1.36       -0.54        0.84        0.10        1.17       -2.38        2.13
142      141.00       -0.88       -0.76        0.66       -1.21       -0.34        0.58        0.17        0.98       -2.30        2.21
143      142.00       -0.61       -0.44        0.70       -1.06       -0.07        0.35        0.21        0.74       -2.15        2.21
144      143.00       -0.37       -0.07        0.73       -0.92        0.26        0.17        0.23        0.50       -1.93        2.12
145      144.00        0.66       -0.65       -1.41        0.33        1.55        0.73       -1.06        1.04        0.89        0.70
146      145.00        0.75       -0.61       -1.41        0.11        1.27        0.76       -0.95        0.72        1.08        0.90
147      146.00        0.80       -0.54       -1.32       -0.11        0.95        0.71       -0.82        0.35        1.27        0.99
148      147.00        0.82       -0.43       -1.12       -0.31        0.61        0.59       -0.68       -0.05        1.44        1.00
149      148.00        0.81       -0.28       -0.83       -0.49        0.25        0.43       -0.50       -0.45        1.58        0.94
150      149.00        0.78       -0.09       -0.47       -0.64       -0.10        0.26       -0.29       -0.82        1.70        0.83
151      150.00        0.75        0.11       -0.09       -0.75       -0.43        0.11       -0.06       -1.11        1.78        0.70
152      151.00        0.73        0.29        0.26       -0.83       -0.70        0.00        0.20       -1.29        1.82        0.59
153      152.00        0.73        0.44        0.56       -0.89       -0.91       -0.05        0.47       -1.36        1.83        0.51
154      153.00        0.76        0.54        0.78       -0.91       -1.06       -0.04        0.74       -1.32        1.83        0.47
155      154.00        0.80        0.56        0.92       -0.91       -1.15        0.01        1.01       -1.18        1.81        0.47
156      155.00        0.82        0.52        0.99       -0.86       -1.18        0.08        1.26       -0.99        1.77        0.50
157      156.00        0.82        0.39        1.00       -0.76       -1.16        0.14        1.46       -0.76        1.71        0.54
158      157.00        0.76        0.21        0.97       -0.62       -1.11        0.17        1.60       -0.52        1.63        0.56
159      158.00        0.64       -0.00        0.91       -0.43       -1.03        0.15        1.66       -0.32        1.52        0.57
160      159.00        0.47       -0.22        0.84       -0.21       -0.95        0.08        1.62       -0.15        1.37        0.56
161      160.00        0.25       -0.42        0.79        0.03       -0.88       -0.04        1.50       -0.03        1.20        0.52
162      161.00        0.01       -0.55        0.75        0.29       -0.83       -0.20        1.30        0.02        1.00        0.47
163      162.00       -0.21       -0.59        0.72        0.54       -0.79       -0.36        1.05        0.02        0.78        0.42
164      163.00       -0.38       -0.51        0.67        0.78       -0.78       -0.52        0.80       -0.04        0.57        0.40
165      164.00       -0.46       -0.32        0.61        0.99       -0.77       -0.63        0.58       -0.13        0.38        0.41
166      165.00       -0.43       -0.04        0.49        1.16       -0.75       -0.67        0.46       -0.26        0.23        0.43
167      166.00       -0.30        0.29        0.33        1.26       -0.72       -0.63        0.45       -0.38        0.14        0.46
168      167.00       -0.10        0.63        0.11        1.30       -0.65       -0.53        0.55       -0.49        0.12        0.48
169      168.00        0.14        0.94       -0.15        1.25       -0.53       -0.39        0.73       -0.56        0.16        0.46
170      169.00        0.37        1.20       -0.42        1.13       -0.36       -0.24        0.94       -0.57        0.26        0.41
171      170.00        0.55        1.38       -0.68        0.93       -0.14       -0.12        1.14       -0.53        0.40        0.32
172      171.00        0.64        1.50       -0.90        0.69        0.09       -0.05        1.29       -0.44        0.57        0.22
173      172.00        0.63        1.56       -1.08        0.44        0.32       -0.04        1.39       -0.33        0.73        0.13
174      173.00        0.54        1.59       -1.21        0.22        0.50       -0.10        1.43       -0.21        0.88        0.07
175      174.00        0.38        1.61       -1.30        0.07        0.62       -0.22        1.44       -0.10        0.98        0.04
176      175.00        0.17        1.64       -1.38        0.00        0.67       -0.39        1.41       -0.01        1.02        0.04
177      176.00       -0.08        1.67       -1.44        0.05        0.64       -0.61        1.38        0.06        0.99        0.06
178      177.00       -0.33        1.72       -1.49        0.22        0.53       -0.86        1.33        0.10        0.87        0.08
179      178.00       -0.59        1.78       -1.52        0.51        0.38       -1.14        1.27        0.13        0.66        0.07
180      179.00       -0.83        1.84       -1.53        0.87        0.21       -1.42        1.20        0.16        0.38        0.03
181      180.00       -0.62       -1.07        0.88       -0.29       -0.90       -0.49       -0.25        1.09       -1.26        1.20
182      181.00       -0.59       -1.27        0.85       -0.44       -1.06       -0.29       -0.19        0.95       -1.28        1.13
183      182.00       -0.53       -1.50        0.75       -0.57       -1.21       -0.08       -0.20        0.77       -1.31        0.97
184      183.00       -0.46       -1.71        0.59       -0.69       -1.33        0.12       -0.29        0.56       -1.34        0.72
185      184.00       -0.39       -1.87        0.37       -0.77       -1.43        0.30       -0.44        0.30       -1.37        0.39
186      185.00       -0.35       -1.91        0.13       -0.82       -1.50        0.45       -0.64        0.01       -1.40        0.01
187      186.00       -0.35       -1.82       -0.12       -0.84       -1.53        0.57       -0.85       -0.32       -1.41       -0.39
188      187.00       -0.39       -1.60       -0.33       -0.83       -1.53        0.66       -1.03       -0.67       -1.40       -0.77
189      188.00       -0.48       -1.26       -0.49       -0.81       -1.50        0.74       -1.15       -1.02       -1.37       -1.08
190      189.00       -0.63       -0.86       -0.59       -0.78       -1.45        0.82       -1.20       -1.34       -1.29       -1.33
191      190.00       -0.81       -0.42       -0.64       -0.73       -1.38        0.90       -1.16       -1.61       -1.16       -1.49
192      191.00       -1.02        0.02       -0.66       -0.67       -1.29        0.99       -1.03       -1.80       -0.97       -1.57
193      192.00       -1.24        0.40       -0.66       -0.59       -1.17        1.05       -0.80       -1.88       -0.71       -1.58
194      193.00       -1.46        0.71       -0.66       -0.50       -1.03        1.07       -0.51       -1.87       -0.40       -1.55
195      194.00       -1.66        0.92       -0.67       -0.40       -0.86        1.01       -0.19       -1.76       -0.07       -1.51
196      195.00       -1.83        1.06       -0.69       -0.29       -0.68        0.87        0.14       -1.58        0.23       -1.49
197      196.00       -1.98        1.13       -0.71       -0.18       -0.48        0.62        0.45       -1.36        0.47       -1.50
198      197.00       -2.10        1.15       -0.71       -0.05       -0.26        0.30        0.73       -1.13        0.62       -1.55
199      198.00       -2.16        1.14       -0.69        0.11       -0.04       -0.09        0.95       -0.90        0.66       -1.61
200      199.00       -2.18        1.11       -0.62        0.30        0.19       -0.51        1.11       -0.69        0.59       -1.68
201      200.00       -2.13        1.05       -0.50        0.52        0.43       -0.94        1.19       -0.51        0.44       -1.71
202      201.00       -2.00        0.96       -0.32        0.77        0.68       -1.34        1.18       -0.38        0.23       -1.70
203      202.00       -1.81        0.85       -0.08        1.05        0.91       -1.67        1.10       -0.32        0.00       -1.61
204      203.00       -1.53        0.69        0.20        1.32        1.14       -1.91        0.94       -0.33       -0.20       -1.45
205      204.00       -1.19        0.50        0.52        1.58        1.35       -2.04        0.73       -0.42       -0.35       -1.21
206      205.00       -0.80        0.28        0.84        1.79        1.53       -2.05        0.50       -0.58       -0.41       -0.92
207      206.00       -0.37        0.04        1.14        1.95        1.66       -1.96        0.28       -0.77       -0.38       -0.61
208      207.00        0.07       -0.18        1.40        2.03        1.74       -1.77        0.09       -0.97       -0.25       -0.31
209      208.00        0.47       -0.38        1.61        2.05        1.75       -1.53       -0.06       -1.12       -0.07       -0.06
210      209.00        0.81       -0.54        1.77        2.02        1.70       -1.29       -0.18       -1.21        0.14        0.14
211      210.00        1.07       -0.66        1.91        1.96        1.58       -1.06       -0.29       -1.21        0.37        0.27
212      211.00        1.25       -0.76        2.03        1.86        1.40       -0.87       -0.42       -1.13        0.59        0.35
213      212.00        1.34       -0.84        2.13        1.72        1.15       -0.74       -0.58       -0.98        0.80        0.38
214      213.00        1.32       -0.91        2.21        1.54        0.84       -0.67       -0.77       -0.79        0.99        0.36
215      214.00        1.21       -0.96        2.24        1.30        0.49       -0.65       -0.99       -0.59        1.15        0.31
216      215.00        1.02       -1.01        2.21        1.02        0.14       -0.68       -1.21       -0.41        1.28        0.23
217      216.00       -1.45        0.00        0.80        0.66        2.17       -1.40       -0.91       -1.58       -0.54        0.48
218      217.00       -1.44        0.20        0.77        0.54        1.99       -1.13       -0.96       -1.52       -0.69        0.61
219      218.00       -1.35        0.37        0.67        0.36        1.69       -0.80       -0.94       -1.42       -0.88        0.68
220      219.00       -1.17        0.51        0.48        0.15        1.30       -0.44       -0.87       -1.32       -1.08        0.69
221      220.00       -0.94        0.63        0.22       -0.05        0.87       -0.11       -0.75       -1.26       -1.26        0.66
222      221.00       -0.70        0.74       -0.10       -0.23        0.42        0.19       -0.60       -1.25       -1.39        0.63
223      222.00       -0.46        0.86       -0.44       -0.38       -0.02        0.45       -0.40       -1.30       -1.47        0.60
224      223.00       -0.27        1.01       -0.79       -0.49       -0.40        0.66       -0.16       -1.38       -1.48        0.60
225      224.00       -0.13        1.17       -1.11       -0.57       -0.71        0.84        0.13       -1.48       -1.44        0.64
226      225.00       -0.06        1.35       -1.38       -0.62       -0.93        0.97        0.46       -1.56       -1.36        0.71
227      226.00       -0.04        1.52       -1.55       -0.63       -1.02        1.07        0.81       -1.60       -1.28        0.81
228      227.00       -0.08        1.67       -1.61       -0.60       -0.99        1.13        1.16       -1.56       -1.22        0.94
229      228.00       -0.14        1.77       -1.57       -0.53       -0.88        1.18        1.48       -1.46       -1.23        1.08
230      229.00       -0.22        1.82       -1.44       -0.41       -0.71        1.23        1.74       -1.31       -1.29        1.24
231      230.00       -0.29        1.81       -1.24       -0.25       -0.54        1.30        1.94       -1.09       -1.41        1.40
232      231.00       -0.36        1.72       -0.98       -0.04       -0.40        1.38        2.04       -0.83       -1.56        1.56
233      232.00       -0.41        1.56       -0.68        0.21       -0.31        1.47        2.05       -0.53       -1.68        1.69
234      233.00       -0.43        1.33       -0.36        0.49       -0.28        1.55        1.96       -0.20       -1.77        1.79
235      234.00       -0.43        1.06       -0.04        0.76       -0.31        1.61        1.79        0.14       -1.78        1.84
236      235.00       -0.40        0.77        0.26        1.03       -0.38        1.65        1.57        0.48       -1.71        1.83
237      236.00       -0.34        0.48        0.53        1.26       -0.45        1.65        1.33        0.78       -1.56        1.76
238      237.00       -0.26        0.22        0.76        1.47       -0.51        1.62        1.10        1.04       -1.34        1.63
239      238.00       -0.15       -0.01        0.94        1.64       -0.54        1.56        0.89        1.24       -1.06        1.44
240      239.00       -0.01       -0.21        1.08        1.77       -0.54        1.45        0.70        1.37       -0.73        1.21
241      240.00        0.16       -0.36        1.16        1.86       -0.51        1.32        0.54        1.41       -0.36        0.93
242      241.00        0.36       -0.48        1.18        1.91       -0.47        1.16        0.40        1.36        0.02        0.61
243      242.00        0.58       -0.57        1.15        1.92       -0.44        1.00        0.28        1.24        0.38        0.28
244      243.00        0.81       -0.63        1.07        1.90       -0.42        0.84        0.17        1.06        0.71       -0.07
245      244.00        1.03       -0.67        0.95        1.85       -0.43        0.72        0.07        0.83        0.97       -0.42
246      245.00        1.22       -0.67        0.81        1.77       -0.45        0.63       -0.03        0.57        1.15       -0.76
247      246.00        1.35       -0.65        0.67        1.68       -0.48        0.58       -0.14        0.30        1.25       -1.05
248      247.00        1.41       -0.59        0.55        1.58       -0.50        0.58       -0.25        0.03        1.27       -1.30
249      248.00        1.37       -0.49        0.47        1.49       -0.51        0.61       -0.38       -0.22        1.21       -1.46
250      249.00        1.24       -0.34        0.42        1.41       -0.51        0.66       -0.51       -0.45        1.08       -1.54
251      250.00        1.02       -0.18        0.43        1.34       -0.49        0.72       -0.66       -0.65        0.91       -1.51
252      251.00        0.74       -0.01        0.48        1.27       -0.45        0.78       -0.80       -0.79        0.71       -1.40
253      252.00        0.56        0.39       -1.24        0.41        1.15        1.39       -1.79        0.02       -0.06        0.22
254      253.00        0.41        0.13       -1.09        0.40        1.08        1.15       -1.92        0.27       -0.28        0.48
255      254.00        0.19       -0.16       -0.92        0.45        0.99        0.86       -1.98        0.55       -0.50        0.69
256      255.00       -0.05       -0.46       -0.74        0.57        0.89        0.54       -1.96        0.83       -0.70        0.84
257      256.00       -0.29       -0.77       -0.56        0.76        0.79        0.19       -1.86        1.07       -0.86        0.89
258      257.00       -0.47       -1.06       -0.41        1.00        0.69       -0.17       -1.69        1.25       -0.99        0.86
259      258.00       -0.56       -1.33       -0.28        1.28        0.60       -0.51       -1.47        1.34       -1.07        0.75
260      259.00       -0.55       -1.54       -0.21        1.56        0.54       -0.80       -1.23        1.31       -1.10        0.59
261      260.00       -0.46       -1.71       -0.19        1.82        0.48       -1.01       -0.99        1.16       -1.07        0.40
262      261.00       -0.30       -1.82       -0.22        2.01        0.41       -1.13       -0.77        0.90       -0.96        0.22
263      262.00       -0.11       -1.86       -0.31        2.12        0.32       -1.13       -0.60        0.56       -0.79        0.06
264      263.00        0.07       -1.83       -0.44        2.12        0.19       -1.02       -0.48        0.17       -0.56       -0.03
265      264.00        0.22       -1.73       -0.61        2.00       -0.01       -0.82       -0.41       -0.23       -0.27       -0.05
266      265.00        0.31       -1.55       -0.79        1.78       -0.27       -0.58       -0.36       -0.59        0.06        0.01
267      266.00        0.33       -1.32       -0.96        1.46       -0.59       -0.31       -0.31       -0.88        0.41        0.12
268      267.00        0.30       -1.04       -1.09        1.08       -0.95       -0.07       -0.23       -1.07        0.75        0.27
269      268.00        0.21       -0.74       -1.16        0.65       -1.32        0.12       -0.09       -1.16        1.09        0.41
270      269.00        0.11       -0.45       -1.15        0.23       -1.65        0.25        0.12       -1.14        1.40        0.51
271      270.00       -0.01       -0.19       -1.05       -0.15       -1.92        0.30        0.39       -1.05        1.67        0.55
272      271.00       -0.11        0.02       -0.86       -0.47       -2.08        0.29        0.69       -0.89        1.90        0.50
273      272.00       -0.20        0.14       -0.60       -0.70       -2.11        0.22        0.99       -0.72        2.06        0.39
274      273.00       -0.27        0.18       -0.28       -0.84       -2.01        0.13        1.22       -0.56        2.14        0.23
275      274.00       -0.32        0.15        0.05       -0.90       -1.80        0.02        1.37       -0.46        2.13        0.07
276      275.00       -0.37        0.04        0.37       -0.93       -1.51       -0.07        1.41       -0.41        2.06       -0.07
277      276.00       -0.41       -0.10        0.67       -0.94       -1.20       -0.15        1.35       -0.43        1.92       -0.17
278      277.00       -0.47       -0.27        0.92       -0.96       -0.88       -0.19        1.20       -0.49        1.75       -0.22
279      278.00       -0.54       -0.44        1.13       -0.99       -0.57       -0.19        0.96       -0.59        1.54       -0.23
280      279.00       -0.65       -0.56        1.26       -1.04       -0.30       -0.14        0.66       -0.70        1.32       -0.20
281      280.00       -0.79       -0.63        1.32       -1.08       -0.08       -0.06        0.31       -0.82        1.09       -0.16
282      281.00       -0.96       -0.60        1.28       -1.08        0.09        0.07       -0.05       -0.94        0.90       -0.11
283      282.00       -1.15       -0.48        1.17       -1.02        0.20        0.21       -0.38       -1.05        0.75       -0.07
284      283.00       -1.35       -0.29        1.01       -0.91        0.27        0.34       -0.67       -1.16        0.66       -0.06
285      284.00       -1.54       -0.07        0.83       -0.74        0.30        0.45       -0.90       -1.28        0.63       -0.09
286      285.00       -1.73        0.16        0.67       -0.55        0.32        0.53       -1.06       -1.40        0.66       -0.15
287      286.00       -1.90        0.35        0.54       -0.34        0.32        0.57       -1.15       -1.52        0.71       -0.27
288      287.00       -2.05        0.49        0.45       -0.13        0.30        0.59       -1.17       -1.63        0.76       -0.44
289      288.00       -0.43       -0.41        0.66        0.38        1.52        0.93        0.31       -0.66        0.55       -0.53
290      289.00       -0.37       -0.19        0.56        0.56        1.67        0.70       -0.01       -0.81        0.62       -0.71
291      290.00       -0.32        0.08        0.49        0.76        1.79        0.49       -0.37       -0.92        0.65       -0.87
292      291.00       -0.25        0.38        0.45        0.95        1.89        0.29       -0.76       -1.01        0.64       -0.99
293      292.00       -0.16        0.68        0.43        1.15        1.94        0.11       -1.14       -1.08        0.63       -1.06
294      293.00       -0.04        0.95        0.42        1.36        1.93       -0.06       -1.48       -1.15        0.62       -1.07
295      294.00        0.11        1.17        0.42        1.58        1.82       -0.22       -1.77       -1.21        0.60       -1.00
296      295.00        0.30        1.31        0.41        1.81        1.61       -0.38       -1.95       -1.28        0.59       -0.86
297      296.00        0.49        1.35        0.40        2.05        1.31       -0.53       -2.02       -1.34        0.57       -0.64
298      297.00        0.68        1.28        0.38        2.28        0.92       -0.66       -1.95       -1.39        0.53       -0.37
299      298.00        0.83        1.11        0.38        2.47        0.51       -0.77       -1.76       -1.41        0.48       -0.07
300      299.00        0.91        0.85        0.39        2.59        0.12       -0.83       -1.49       -1.40        0.42        0.24
301      300.00        0.92        0.53        0.42        2.62       -0.20       -0.86       -1.18       -1.36        0.38        0.55
302      301.00        0.86        0.17        0.47        2.55       -0.44       -0.84       -0.87       -1.27        0.36        0.88
303      302.00        0.74       -0.21        0.53        2.36       -0.59       -0.78       -0.58       -1.14        0.41        1.20
304      303.00        0.57       -0.61        0.59        2.06       -0.65       -0.70       -0.33       -0.96        0.52        1.53
305      304.00        0.39       -0.98        0.62        1.66       -0.65       -0.60       -0.12       -0.73        0.70        1.83
306      305.00        0.22       -1.30        0.59        1.20       -0.61       -0.51        0.05       -0.46        0.93        2.07
307      306.00        0.09       -1.55        0.49        0.72       -0.57       -0.45        0.17       -0.16        1.18        2.22
308      307.00        0.04       -1.71        0.32        0.28       -0.54       -0.44        0.25        0.15        1.41        2.28
309      308.00        0.07       -1.79        0.07       -0.07       -0.54       -0.49        0.29        0.44        1.59        2.23
310      309.00        0.20       -1.81       -0.23       -0.32       -0.56       -0.57        0.30        0.70        1.70        2.10
311      310.00        0.41       -1.78       -0.55       -0.45       -0.61       -0.69        0.29        0.91        1.74        1.90
312      311.00        0.70       -1.73       -0.88       -0.47       -0.65       -0.81        0.25        1.07        1.74        1.65
313      312.00        1.04       -1.66       -1.19       -0.40       -0.68       -0.92        0.20        1.18        1.69        1.38
314      313.00        1.42       -1.60       -1.45       -0.27       -0.66       -1.00        0.13        1.24        1.63        1.10
315      314.00        1.79       -1.52       -1.63       -0.10       -0.58       -1.05        0.06        1.26        1.56        0.83
316      315.00        2.12       -1.44       -1.72        0.08       -0.44       -1.06        0.01        1.24        1.51        0.58
317      316.00        2.38       -1.34       -1.70        0.22       -0.24       -1.05       -0.02        1.18        1.48        0.37
318      317.00        2.54       -1.24       -1.60        0.31       -0.01       -1.03       -0.02        1.10        1.47        0.22
319      318.00        2.59       -1.14       -1.41        0.35        0.25       -1.03        0.01        0.98        1.47        0.11
320      319.00        2.54       -1.06       -1.16        0.34        0.51       -1.07        0.08        0.83        1.47        0.05
321      320.00        2.40       -0.99       -0.86        0.28        0.75       -1.14        0.17        0.65        1.46        0.03
322      321.00        2.17       -0.96       -0.52        0.18        0.96       -1.26        0.29        0.43        1.40        0.04
323      322.00        1.89       -0.96       -0.17        0.07        1.14       -1.41        0.42        0.22        1.28        0.07
324      323.00        1.57       -0.98        0.16       -0.06        1.26       -1.58        0.57        0.03        1.07        0.09
325      324.00       -0.11       -1.39       -0.35        0.44        0.01       -0.32        1.81        0.52       -2.33       -0.38
326      325.00       -0.54       -1.34       -0.40        0.36       -0.11       -0.57        1.59        0.75       -2.24       -0.25
327      326.00       -0.98       -1.21       -0.40        0.29       -0.30       -0.75        1.35        0.90       -2.04       -0.13
328      327.00       -1.40       -1.02       -0.35        0.24       -0.52       -0.85        1.13        0.97       -1.75       -0.01
329      328.00       -1.73       -0.80       -0.25        0.23       -0.74       -0.88        0.93        0.97       -1.43        0.10
330      329.00       -1.98       -0.56       -0.11        0.26       -0.93       -0.84        0.77        0.92       -1.10        0.20
331      330.00       -2.13       -0.32        0.06        0.31       -1.07       -0.76        0.64        0.85       -0.81        0.30
332      331.00       -2.20       -0.08        0.25        0.40       -1.15       -0.68        0.50        0.78       -0.57        0.41
333      332.00       -2.20        0.15        0.46        0.50       -1.17       -0.61        0.35        0.72       -0.38        0.55
334      333.00       -2.13        0.38        0.66        0.60       -1.11       -0.58        0.17        0.66       -0.26        0.72
335      334.00       -2.00        0.59        0.85        0.71       -0.98       -0.58       -0.04        0.62       -0.21        0.93
336      335.00       -1.82        0.78        1.01        0.80       -0.80       -0.60       -0.26        0.58       -0.23        1.17
337      336.00       -1.59        0.93        1.12        0.89       -0.57       -0.62       -0.47        0.53       -0.32        1.41
338      337.00       -1.34        1.04        1.18        0.98       -0.35       -0.61       -0.64        0.48       -0.46        1.63
339      338.00       -1.09        1.12        1.18        1.07       -0.13       -0.55       -0.72        0.42       -0.63        1.83
340      339.00       -0.83        1.17        1.13        1.17        0.05       -0.43       -0.73        0.35       -0.80        1.98
341      340.00       -0.58        1.21        1.03        1.27        0.20       -0.24       -0.65        0.27       -0.94        2.09
342      341.00       -0.34        1.23        0.87        1.36        0.32        0.01       -0.49        0.17       -1.03        2.15
343      342.00       -0.09        1.24        0.64        1.40        0.42        0.30       -0.27        0.05       -1.04        2.16
344      343.00        0.13        1.24        0.36        1.38        0.51        0.60       -0.01       -0.09       -0.96        2.11
345      344.00        0.33        1.24        0.04        1.27        0.59        0.88        0.24       -0.26       -0.80        2.02
346      345.00        0.49        1.23       -0.30        1.05        0.68        1.12        0.46       -0.44       -0.59        1.90
347      346.00        0.60        1.24       -0.64        0.74        0.79        1.28        0.62       -0.61       -0.36        1.75
348      347.00        0.66        1.25       -0.96        0.35        0.91        1.36        0.71       -0.75       -0.14        1.58
349      348.00        0.68        1.28       -1.26       -0.09        1.05        1.36        0.70       -0.84        0.03        1.38
350      349.00        0.67        1.32       -1.51       -0.55        1.20        1.28        0.61       -0.86        0.16        1.14
351      350.00        0.65        1.34       -1.71       -0.97        1.35        1.14        0.45       -0.80        0.23        0.87
352      351.00        0.61        1.33       -1.85       -1.33        1.48        0.95        0.23       -0.67        0.27        0.58
353      352.00        0.58        1.29       -1.90       -1.58        1.58        0.75       -0.02       -0.48        0.28        0.30
354      353.00        0.56        1.19       -1.87       -1.71        1.62        0.56       -0.26       -0.28        0.29        0.04
355      354.00        0.55        1.06       -1.77       -1.72        1.60        0.42       -0.46       -0.09        0.32       -0.15
356      355.00        0.55        0.91       -1.60       -1.63        1.50        0.34       -0.61        0.05        0.39       -0.26
357      356.00        0.55        0.75       -1.39       -1.48        1.31        0.33       -0.68        0.10        0.49       -0.27
358      357.00        0.54        0.63       -1.16       -1.28        1.05        0.40       -0.67        0.05        0.61       -0.19
359      358.00        0.53        0.57       -0.93       -1.07        0.72        0.55       -0.58       -0.09        0.75       -0.02
360      359.00        0.49        0.59       -0.75       -0.87        0.35        0.76       -0.40       -0.32        0.88        0.21
361      360.00       -1.51       -0.92       -1.66       -0.46       -0.41        0.20       -1.08        1.02       -2.18       -0.28
362      361.00       -1.47       -0.66       -1.45       -0.57       -0.41        0.47       -0.96        0.97       -2.04       -0.45
363      362.00       -1.37       -0.35       -1.24       -0.60       -0.37        0.78       -0.85        0.81       -1.88       -0.58
364      363.00       -1.26       -0.01       -1.04       -0.54       -0.31        1.09       -0.77        0.58       -1.70       -0.64
365      364.00       -1.14        0.34       -0.84       -0.42       -0.23        1.37       -0.71        0.28       -1.49       -0.63
366      365.00       -1.04        0.68       -0.67       -0.24       -0.14        1.58       -0.68       -0.04       -1.25       -0.54
367      366.00       -0.98        0.99       -0.52       -0.05       -0.04        1.73       -0.67       -0.35       -0.99       -0.38
368      367.00       -0.97        1.27       -0.40        0.15        0.06        1.78       -0.68       -0.63       -0.72       -0.18
369      368.00       -0.99        1.51       -0.30        0.32        0.15        1.74       -0.72       -0.84       -0.44        0.04
370      369.00       -1.06        1.70       -0.24        0.43        0.22        1.61       -0.80       -0.96       -0.16        0.26
371      370.00       -1.13        1.81       -0.19        0.47        0.26        1.37       -0.92       -0.96        0.09        0.44
372      371.00       -1.20        1.81       -0.14        0.42        0.26        1.06       -1.07       -0.84        0.28        0.56
373      372.00       -1.24        1.70       -0.06        0.30        0.23        0.72       -1.23       -0.63        0.40        0.60
374      373.00       -1.27        1.50        0.05        0.12        0.19        0.39       -1.38       -0.40        0.44        0.56
375      374.00       -1.29        1.26        0.18       -0.07        0.15        0.09       -1.51       -0.18        0.43        0.49
376      375.00       -1.32        0.98        0.33       -0.27        0.12       -0.18       -1.61       -0.01        0.39        0.38
377      376.00       -1.36        0.67        0.47       -0.47        0.12       -0.45       -1.68        0.11        0.36        0.27
378      377.00       -1.40        0.34        0.59       -0.67        0.13       -0.71       -1.71        0.17        0.36        0.16
379      378.00       -1.44        0.01        0.67       -0.86        0.15       -0.98       -1.70        0.17        0.39        0.07
380      379.00       -1.46       -0.32        0.69       -1.05        0.16       -1.24       -1.64        0.11        0.46       -0.00
381      380.00       -1.44       -0.61        0.62       -1.22        0.14       -1.49       -1.54       -0.01        0.57       -0.05
382      381.00       -1.35       -0.85        0.48       -1.36        0.09       -1.69       -1.42       -0.20        0.68       -0.06
383      382.00       -1.17       -1.02        0.28       -1.44       -0.00       -1.80       -1.29       -0.45        0.76       -0.04
384      383.00       -0.90       -1.08        0.05       -1.43       -0.13       -1.80       -1.17       -0.73        0.78       -0.02
385      384.00       -0.54       -1.06       -0.15       -1.31       -0.28       -1.69       -1.07       -1.02        0.72       -0.01
386      385.00       -0.13       -0.96       -0.28       -1.09       -0.43       -1.51       -1.00       -1.27        0.58       -0.05
387      386.00        0.29       -0.81       -0.31       -0.77       -0.58       -1.29       -0.93       -1.48        0.38       -0.15
388      387.00        0.71       -0.64       -0.24       -0.38       -0.73       -1.07       -0.86       -1.63        0.16       -0.32
389      388.00        1.08       -0.45       -0.08        0.05       -0.89       -0.88       -0.75       -1.73       -0.07       -0.56
390      389.00        1.39       -0.26        0.15        0.50       -1.07       -0.72       -0.59       -1.79       -0.27       -0.86
391      390.00        1.61       -0.09        0.43        0.93       -1.26       -0.58       -0.36       -1.81       -0.42       -1.20
392      391.00        1.73        0.03        0.71        1.29       -1.47       -0.46       -0.06       -1.82       -0.51       -1.53
393      392.00        1.73        0.09        0.96        1.57       -1.68       -0.35        0.29       -1.82       -0.52       -1.83
394      393.00        1.63        0.08        1.15        1.73       -1.88       -0.23        0.66       -1.80       -0.47       -2.06
395      394.00        1.42       -0.01        1.25        1.78       -2.05       -0.11        1.01       -1.76       -0.36       -2.19
396      395.00        1.13       -0.17        1.27        1.75       -2.17        0.02        1.29       -1.71       -0.22       -2.22
397      396.00        0.71        0.02       -0.92       -0.72        0.57       -2.10       -1.09       -0.86       -0.05        0.27
398      397.00        0.54        0.09       -0.64       -0.76        0.80       -1.74       -1.22       -1.08       -0.30        0.19
399      398.00        0.37        0.12       -0.30       -0.74        1.05       -1.32       -1.24       -1.27       -0.49        0.14
400      399.00        0.21        0.10        0.05       -0.65        1.30       -0.89       -1.18       -1.41       -0.63        0.12
401      400.00        0.08        0.06        0.40       -0.51        1.52       -0.49       -1.07       -1.45       -0.73        0.13
402      401.00       -0.02       -0.02        0.72       -0.35        1.70       -0.16       -0.96       -1.39       -0.81        0.17
403      402.00       -0.08       -0.10        1.00       -0.18        1.83        0.07       -0.89       -1.22       -0.88        0.24
404      403.00       -0.11       -0.21        1.22       -0.04        1.89        0.19       -0.87       -0.96       -0.97        0.35
405      404.00       -0.12       -0.32        1.38        0.06        1.89        0.21       -0.91       -0.61       -1.09        0.47
406      405.00       -0.10       -0.43        1.49        0.10        1.82        0.15       -1.01       -0.21       -1.23        0.62
407      406.00       -0.05       -0.54        1.54        0.09        1.71        0.05       -1.13        0.22       -1.39        0.79
408      407.00        0.03       -0.62        1.53        0.04        1.55       -0.06       -1.25        0.64       -1.56        0.95
409      408.00        0.16       -0.64        1.46       -0.02        1.37       -0.15       -1.33        1.02       -1.71        1.10
410      409.00        0.34       -0.58        1.31       -0.07        1.17       -0.19       -1.35        1.33       -1.82        1.22
411      410.00        0.54       -0.43        1.11       -0.06        0.94       -0.17       -1.30        1.54       -1.87        1.32
412      411.00        0.75       -0.21        0.88        0.01        0.70       -0.12       -1.20        1.67       -1.83        1.39
413      412.00        0.93        0.07        0.65        0.16        0.46       -0.05       -1.08        1.70       -1.72        1.44
414      413.00        1.06        0.37        0.46        0.36        0.24        0.02       -0.97        1.67       -1.56        1.49
415      414.00        1.12        0.64        0.34        0.60        0.03        0.08       -0.89        1.60       -1.36        1.55
416      415.00        1.10        0.88        0.29        0.87       -0.16        0.11       -0.86        1.50       -1.14        1.61
417      416.00        1.00        1.05        0.33        1.15       -0.30        0.11       -0.87        1.38       -0.91        1.67
418      417.00        0.81        1.13        0.45        1.42       -0.39        0.09       -0.92        1.25       -0.65        1.72
419      418.00        0.54        1.11        0.65        1.66       -0.41        0.06       -1.00        1.11       -0.38        1.75
420      419.00        0.22        0.98        0.87        1.83       -0.34        0.03       -1.08        0.98       -0.10        1.74
421      420.00       -0.11        0.73        1.09        1.90       -0.18        0.01       -1.15        0.87        0.15        1.70
422      421.00       -0.42        0.41        1.25        1.86        0.04        0.02       -1.20        0.80        0.35        1.63
423      422.00       -0.66        0.05        1.33        1.74        0.29        0.05       -1.22        0.77        0.49        1.55
424      423.00       -0.83       -0.29        1.33        1.55        0.53        0.10       -1.23        0.78        0.55        1.47
425      424.00       -0.95       -0.60        1.27        1.33        0.72        0.17       -1.24        0.83        0.55        1.40
426      425.00       -1.03       -0.87        1.16        1.07        0.83        0.23       -1.25        0.91        0.49        1.31
427      426.00       -1.08       -1.09        1.02        0.77        0.84        0.27       -1.25        1.01        0.40        1.18
428      427.00       -1.13       -1.26        0.87        0.44        0.73        0.29       -1.24        1.13        0.29        0.99
429      428.00       -1.18       -1.40        0.74        0.09        0.51        0.27       -1.20        1.26        0.18        0.73
430      429.00       -1.23       -1.51        0.63       -0.28        0.21        0.22       -1.12        1.39        0.08        0.39
431      430.00       -1.29       -1.60        0.56       -0.64       -0.13        0.15       -0.99        1.51       -0.00       -0.01
432      431.00       -1.35       -1.68        0.52       -0.95       -0.46        0.07       -0.80        1.60       -0.07       -0.43
433      432.00        0.48       -0.00        0.24        0.29       -0.42       -0.25       -0.78        1.09       -1.75       -1.47
434      433.00        0.30        0.17        0.18        0.57       -0.26       -0.49       -0.69        1.09       -1.61       -1.72
435      434.00        0.10        0.34        0.10        0.82       -0.08       -0.79       -0.51        0.99       -1.39       -1.98
436      435.00       -0.12        0.48       -0.01        1.01        0.09       -1.13       -0.27        0.77       -1.10       -2.19
437      436.00       -0.34        0.56       -0.16        1.12        0.23       -1.48       -0.00        0.46       -0.78       -2.29
438      437.00       -0.54        0.60       -0.34        1.13        0.31       -1.81        0.26        0.09       -0.45       -2.26
439      438.00       -0.70        0.60       -0.55        1.06        0.29       -2.10        0.49       -0.29       -0.15       -2.09
440      439.00       -0.83        0.60       -0.76        0.92        0.20       -2.33        0.64       -0.64        0.12       -1.79
441      440.00       -0.91        0.61       -0.94        0.73        0.04       -2.48        0.72       -0.92        0.34       -1.42
442      441.00       -0.98        0.67       -1.09        0.53       -0.14       -2.55        0.71       -1.12        0.52       -1.00
443      442.00       -1.02        0.77       -1.17        0.32       -0.31       -2.52        0.62       -1.23        0.65       -0.58
444      443.00       -1.06        0.91       -1.20        0.13       -0.43       -2.40        0.47       -1.27        0.75       -0.20
445      444.00       -1.09        1.07       -1.20       -0.03       -0.47       -2.21        0.27       -1.28        0.80        0.13
446      445.00       -1.13        1.23       -1.17       -0.17       -0.42       -1.96        0.05       -1.28        0.82        0.40
447      446.00       -1.16        1.38       -1.14       -0.28       -0.29       -1.66       -0.16       -1.30        0.80        0.62
448      447.00       -1.18        1.51       -1.12       -0.36       -0.08       -1.34       -0.34       -1.34        0.74        0.79
449      448.00       -1.16        1.61       -1.12       -0.43        0.18       -1.02       -0.47       -1.40        0.65        0.92
450      449.00       -1.10        1.68       -1.13       -0.51        0.47       -0.73       -0.54       -1.48        0.54        1.01
451      450.00       -1.01        1.74       -1.14       -0.61        0.75       -0.48       -0.56       -1.56        0.42        1.06
452      451.00       -0.88        1.79       -1.14       -0.75        1.02       -0.29       -0.55       -1.62        0.32        1.08
453      452.00       -0.73        1.83       -1.11       -0.93        1.26       -0.16       -0.50       -1.66        0.26        1.07
454      453.00       -0.56        1.87       -1.04       -1.17        1.45       -0.10       -0.45       -1.66        0.24        1.00
455      454.00       -0.40        1.88       -0.90       -1.45        1.60       -0.08       -0.38       -1.62        0.29        0.90
456      455.00       -0.26        1.85       -0.69       -1.74        1.68       -0.09       -0.31       -1.54        0.41        0.74
457      456.00       -0.14        1.76       -0.42       -2.02        1.68       -0.12       -0.21       -1.41        0.58        0.54
458      457.00       -0.07        1.60       -0.09       -2.23        1.59       -0.14       -0.09       -1.24        0.79        0.32
459      458.00       -0.06        1.36        0.28       -2.35        1.40       -0.12        0.07       -1.05        0.99        0.09
460      459.00       -0.11        1.05        0.65       -2.35        1.14       -0.05        0.26       -0.85        1.17       -0.12
461      460.00       -0.23        0.69        0.99       -2.24        0.81        0.06        0.49       -0.65        1.29       -0.29
462      461.00       -0.41        0.29        1.27       -2.03        0.46        0.20        0.74       -0.48        1.34       -0.39
463      462.00       -0.64       -0.11        1.47       -1.76        0.11        0.34        0.98       -0.34        1.32       -0.43
464      463.00       -0.91       -0.50        1.56       -1.46       -0.21        0.44        1.20       -0.24        1.24       -0.40
465      464.00       -1.18       -0.84        1.53       -1.19       -0.48        0.46        1.38       -0.17        1.15       -0.32
466      465.00       -1.42       -1.13        1.40       -0.97       -0.71        0.40        1.50       -0.14        1.05       -0.23
467      466.00       -1.60       -1.33        1.18       -0.80       -0.91        0.24        1.58       -0.13        0.99       -0.13
468      467.00       -1.67       -1.44        0.87       -0.68       -1.11        0.01        1.63       -0.15        0.96       -0.07
469      468.00        1.68       -1.99        2.03        0.10       -1.45        0.13       -1.85        1.25        0.53       -0.61
470      469.00        1.38       -1.99        2.02       -0.14       -1.41        0.13       -1.60        1.26        0.64       -0.80
471      470.00        1.12       -1.88        1.98       -0.34       -1.28        0.18       -1.32        1.22        0.72       -0.96
472      471.00        0.89       -1.70        1.91       -0.51       -1.10        0.29       -1.04        1.12        0.78       -1.07
473      472.00        0.72       -1.47        1.81       -0.61       -0.88        0.44       -0.79        0.95        0.84       -1.13
474      473.00        0.59       -1.22        1.68       -0.64       -0.66        0.64       -0.58        0.69        0.92       -1.12
475      474.00        0.50       -0.97        1.51       -0.59       -0.45        0.87       -0.43        0.34        1.02       -1.04
476      475.00        0.45       -0.73        1.29       -0.47       -0.29        1.11       -0.34       -0.08        1.16       -0.91
477      476.00        0.42       -0.50        1.04       -0.29       -0.20        1.36       -0.30       -0.53        1.31       -0.73
478      477.00        0.39       -0.30        0.78       -0.09       -0.21        1.59       -0.30       -0.96        1.45       -0.53
479      478.00        0.36       -0.13        0.56        0.10       -0.29        1.80       -0.33       -1.32        1.57       -0.33
480      479.00        0.32        0.02        0.40        0.25       -0.44        1.97       -0.36       -1.60        1.64       -0.14
481      480.00        0.26        0.15        0.32        0.34       -0.62        2.12       -0.38       -1.77        1.68        0.05
482      481.00        0.17        0.27        0.32        0.38       -0.82        2.24       -0.40       -1.85        1.67        0.24
483      482.00        0.06        0.37        0.39        0.37       -1.01        2.31       -0.40       -1.84        1.65        0.44
484      483.00       -0.06        0.47        0.52        0.31       -1.16        2.32       -0.40       -1.72        1.61        0.64
485      484.00       -0.17        0.56        0.70        0.22       -1.27        2.26       -0.38       -1.52        1.58        0.85
486      485.00       -0.25        0.65        0.88        0.12       -1.31        2.12       -0.35       -1.23        1.56        1.03
487      486.00       -0.28        0.73        1.06        0.04       -1.27        1.90       -0.30       -0.89        1.55        1.16
488      487.00       -0.25        0.80        1.19       -0.02       -1.16        1.61       -0.23       -0.51        1.54        1.23
489      488.00       -0.17        0.86        1.25       -0.05       -0.96        1.25       -0.14       -0.14        1.52        1.23
490      489.00       -0.03        0.91        1.23       -0.07       -0.69        0.86       -0.03        0.19        1.47        1.13
491      490.00        0.12        0.95        1.13       -0.08       -0.36        0.47        0.09        0.45        1.35        0.97
492      491.00        0.26        0.96        0.95       -0.12       -0.01        0.13        0.20        0.62        1.15        0.77
493      492.00        0.35        0.96        0.74       -0.20        0.35       -0.12        0.30        0.71        0.87        0.58
494      493.00        0.39        0.94        0.53       -0.34        0.69       -0.27        0.39        0.73        0.53        0.42
495      494.00        0.35        0.91        0.35       -0.53        0.97       -0.32        0.46        0.72        0.16        0.33
496      495.00        0.27        0.86        0.22       -0.76        1.20       -0.28        0.53        0.70       -0.22        0.34
497      496.00        0.15        0.78        0.15       -1.01        1.36       -0.19        0.59        0.70       -0.57        0.43
498      497.00        0.03        0.70        0.11       -1.24        1.46       -0.08        0.66        0.73       -0.87        0.61
499      498.00       -0.09        0.60        0.10       -1.45        1.49        0.00        0.73        0.78       -1.08        0.83
500      499.00       -0.20        0.49        0.07       -1.61        1.47        0.05        0.79        0.85       -1.19        1.08
501      500.00       -0.30        0.39        0.02       -1.75        1.40        0.04        0.83        0.92       -1.21        1.34
502      501.00       -0.38        0.30       -0.08       -1.86        1.31       -0.02        0.84        0.97       -1.13        1.57
503      502.00       -0.46        0.23       -0.22       -1.97        1.19       -0.11        0.83        0.99       -0.97        1.76
504      503.00       -0.53        0.18       -0.39       -2.09        1.04       -0.22        0.80        0.99       -0.75        1.91
505      504.00       -0.71        0.40        0.57       -1.08        0.32        0.15       -1.36       -0.52       -0.27       -0.69
506      505.00       -0.37        0.28        0.65       -0.96        0.50        0.21       -1.34       -0.50       -0.40       -0.59
507      506.00       -0.07        0.14        0.71       -0.79        0.65        0.33       -1.24       -0.48       -0.55       -0.45
508      507.00        0.16       -0.01        0.77       -0.59        0.75        0.49       -1.10       -0.46       -0.73       -0.29
509      508.00        0.33       -0.15        0.85       -0.36        0.83        0.69       -0.92       -0.41       -0.90       -0.14
510      509.00        0.42       -0.27        0.97       -0.12        0.88        0.91       -0.71       -0.30       -1.03       -0.01
511      510.00        0.45       -0.37        1.13        0.12        0.91        1.13       -0.49       -0.13       -1.11        0.09
512      511.00        0.41       -0.41        1.33        0.36        0.94        1.35       -0.28        0.10       -1.10        0.15
513      512.00        0.33       -0.40        1.55        0.56        0.96        1.56       -0.07        0.36       -0.98        0.15
514      513.00        0.21       -0.32        1.76        0.71        0.98        1.75        0.12        0.63       -0.76        0.09
515      514.00        0.07       -0.19        1.92        0.80        0.98        1.91        0.29        0.87       -0.45       -0.03
516      515.00       -0.05       -0.01        2.01        0.83        0.95        2.04        0.43        1.03       -0.08       -0.19
517      516.00       -0.13        0.17        2.03        0.79        0.88        2.14        0.54        1.10        0.30       -0.38
518      517.00       -0.16        0.34        1.99        0.70        0.76        2.21        0.63        1.08        0.67       -0.58
519      518.00       -0.14        0.46        1.89        0.57        0.56        2.24        0.70        0.98        1.01       -0.78
520      519.00       -0.06        0.52        1.77        0.42        0.29        2.22        0.76        0.82        1.28       -0.97
521      520.00        0.06        0.50        1.62        0.26       -0.07        2.13        0.82        0.64        1.48       -1.13
522      521.00        0.20        0.41        1.47        0.12       -0.50        1.96        0.89        0.44        1.60       -1.25
523      522.00        0.35        0.27        1.29        0.02       -0.97        1.68        0.98        0.28        1.63       -1.31
524      523.00        0.48        0.10        1.09       -0.00       -1.43        1.30        1.09        0.18        1.57       -1.29
525      524.00        0.58       -0.04        0.87        0.06       -1.80        0.85        1.20        0.14        1.45       -1.19
526      525.00        0.65       -0.14        0.63        0.20       -2.05        0.39        1.28        0.19        1.28       -1.00
527      526.00        0.71       -0.17        0.39        0.40       -2.14       -0.05        1.32        0.31        1.08       -0.75
528      527.00        0.77       -0.16        0.16        0.65       -2.08       -0.40        1.29        0.49        0.88       -0.45
529      528.00        0.85       -0.14       -0.01        0.90       -1.92       -0.65        1.16        0.70        0.67       -0.13
530      529.00        0.95       -0.12       -0.13        1.14       -1.68       -0.78        0.95        0.92        0.46        0.19
531      530.00        1.06       -0.14       -0.19        1.34       -1.41       -0.82        0.65        1.14        0.23        0.51
532      531.00        1.17       -0.22       -0.17        1.48       -1.15       -0.78        0.28        1.35       -0.00        0.81
533      532.00        1.26       -0.36       -0.10        1.57       -0.91       -0.69       -0.13        1.53       -0.24        1.09
534      533.00        1.31       -0.56        0.02        1.60       -0.73       -0.57       -0.53        1.69       -0.46        1.35
535      534.00        1.32       -0.80        0.18        1.58       -0.59       -0.44       -0.89        1.81       -0.66        1.57
536      535.00        1.30       -1.06        0.34        1.53       -0.50       -0.32       -1.18        1.89       -0.82        1.75
537      536.00        1.26       -1.32        0.50        1.46       -0.47       -0.23       -1.38        1.92       -0.93        1.86
538      537.00        1.21       -1.56        0.63        1.41       -0.49       -0.16       -1.47        1.89       -0.99        1.89
539      538.00        1.17       -1.77        0.71        1.38       -0.56       -0.12       -1.47        1.81       -1.01        1.85
540      539.00        1.14       -1.95        0.74        1.40       -0.67       -0.11       -1.41        1.68       -1.01        1.74
